# Configuracion:
# Concentracion g/m^3_=_14924.999999999998
# C_Vs_to_Am_M_A/Vsm_=_116720831517.84952
# pendiente_HvsI_1/m_=_3716.3
# ordenada_HvsI_A/m_=_1297.0
# frecuencia_ref_Hz_=_308301.133293785
# 
Resultados:
# tau_s_=_(5.60+/-0.93)e+01
# dphi_rad_=_6.39+/-0.02
# SAR_W/g_=_362.94+/-50.54
# Hc_kA/m_=_7.91+/-0.96
# Mr_A/m_=_233.68+/-34.45
# Suceptibilidad_a_M=0_=_0.0341+/-0.0043
Nombre_archivo	Time_m_(s)	Temperatura_(ºC)	Mr_(A/m)	Hc_(kA/m)	Campo_max_(A/m)	Mag_max_(A/m)	f0	mag0	dphi0	SAR_(W/g)	Tau_(ns)	N	xi_M_0
300kHz_150dA_100Mss_bobN1C10010.txt	153.49	-42.91	149.44	8.19	57041.50	622.49	3.083021e+05	2.615255e+01	6.395259e+00	361.07	58.101767	4541	1.953e-02
300kHz_150dA_100Mss_bobN1C10011.txt	154.0	-42.30	149.09	8.12	57041.50	621.98	3.083021e+05	2.615852e+01	6.396613e+00	365.50	58.809658	4541	1.961e-02
300kHz_150dA_100Mss_bobN1C10012.txt	154.51	-41.38	149.72	8.11	57041.50	610.03	3.083021e+05	2.573029e+01	6.396916e+00	360.47	58.968119	4541	1.985e-02
300kHz_150dA_100Mss_bobN1C10013.txt	155.03	-40.42	153.59	8.35	57041.50	600.88	3.083021e+05	2.551247e+01	6.397171e+00	358.22	59.101430	4541	2.004e-02
300kHz_150dA_100Mss_bobN1C10014.txt	155.55	-39.12	149.82	8.14	57041.50	590.95	3.083021e+05	2.513887e+01	6.394573e+00	344.96	57.742546	4541	1.988e-02
300kHz_150dA_100Mss_bobN1C10015.txt	156.05	-37.86	149.36	8.10	57041.50	588.54	3.083021e+05	2.504047e+01	6.395761e+00	347.26	58.363581	4541	1.979e-02
300kHz_150dA_100Mss_bobN1C10016.txt	156.55	-36.51	152.48	8.27	57041.50	574.52	3.083021e+05	2.454630e+01	6.397789e+00	346.51	59.423881	4541	2.001e-02
300kHz_150dA_100Mss_bobN1C10017.txt	157.05	-35.17	152.45	8.21	57041.50	576.37	3.083021e+05	2.466908e+01	6.395863e+00	342.42	58.416933	4541	2.020e-02
300kHz_150dA_100Mss_bobN1C10018.txt	157.55	-33.92	151.68	8.13	57041.50	568.35	3.083021e+05	2.439530e+01	6.395586e+00	337.79	58.271694	4541	2.015e-02
300kHz_150dA_100Mss_bobN1C10019.txt	158.57	-31.49	159.69	8.42	57041.50	556.12	3.083021e+05	2.400765e+01	6.399068e+00	342.67	60.093017	4541	2.082e-02
300kHz_150dA_100Mss_bobN1C10020.txt	159.1	-30.21	157.22	8.13	57041.50	568.80	3.083021e+05	2.449098e+01	6.395992e+00	340.33	58.484434	4541	2.117e-02
300kHz_150dA_100Mss_bobN1C10021.txt	159.62	-28.70	162.38	8.33	57041.50	551.00	3.083021e+05	2.390852e+01	6.398393e+00	339.28	59.739981	4541	2.148e-02
300kHz_150dA_100Mss_bobN1C10022.txt	160.13	-27.38	164.11	8.14	57041.50	559.41	3.083021e+05	2.424425e+01	6.395621e+00	335.80	58.290230	4541	2.213e-02
300kHz_150dA_100Mss_bobN1C10023.txt	160.63	-26.53	168.12	8.26	57041.50	556.96	3.083021e+05	2.417995e+01	6.398152e+00	342.42	59.614310	4541	2.253e-02
300kHz_150dA_100Mss_bobN1C10024.txt	161.14	-25.68	174.22	8.37	57041.50	551.64	3.083021e+05	2.408738e+01	6.399570e+00	345.29	60.355832	4541	2.318e-02
300kHz_150dA_100Mss_bobN1C10025.txt	161.66	-24.84	177.60	8.39	57041.50	549.12	3.083021e+05	2.407467e+01	6.398792e+00	342.81	59.948631	4541	2.376e-02
300kHz_150dA_100Mss_bobN1C10026.txt	162.17	-24.16	184.08	8.50	57041.50	552.87	3.083021e+05	2.427262e+01	6.403976e+00	361.06	62.663630	4541	2.449e-02
300kHz_150dA_100Mss_bobN1C10027.txt	162.69	-23.75	188.29	8.41	57041.50	556.38	3.083021e+05	2.453304e+01	6.399676e+00	352.00	60.411588	4541	2.530e-02
300kHz_150dA_100Mss_bobN1C10028.txt	163.2	-23.26	196.23	8.59	57041.50	555.60	3.083021e+05	2.455215e+01	6.404285e+00	366.15	62.825465	4541	2.615e-02
300kHz_150dA_100Mss_bobN1C10029.txt	163.71	-22.65	204.51	8.58	57041.50	559.70	3.083021e+05	2.479862e+01	6.404035e+00	369.06	62.693405	4541	2.746e-02
300kHz_150dA_100Mss_bobN1C10030.txt	164.22	-22.01	209.50	8.68	57041.50	555.76	3.083021e+05	2.472988e+01	6.406580e+00	375.75	64.027748	4541	2.805e-02
300kHz_150dA_100Mss_bobN1C10031.txt	164.77	-21.30	218.87	8.82	57041.50	556.64	3.083021e+05	2.495973e+01	6.406206e+00	378.10	63.831608	4541	2.902e-02
300kHz_150dA_100Mss_bobN1C10032.txt	165.37	-20.37	226.63	8.80	57041.50	560.08	3.083021e+05	2.506935e+01	6.407007e+00	382.22	64.251113	4541	3.027e-02
300kHz_150dA_100Mss_bobN1C10033.txt	165.87	-19.52	235.21	8.90	57041.50	558.67	3.083021e+05	2.509239e+01	6.408550e+00	387.31	65.059852	4541	3.116e-02
300kHz_150dA_100Mss_bobN1C10034.txt	166.37	-18.93	238.52	8.96	57041.50	565.20	3.083021e+05	2.538595e+01	6.410106e+00	396.68	65.876547	4541	3.149e-02
300kHz_150dA_100Mss_bobN1C10035.txt	166.93	-18.37	247.42	9.07	57041.50	568.04	3.083021e+05	2.564073e+01	6.411353e+00	404.58	66.530609	4541	3.251e-02
300kHz_150dA_100Mss_bobN1C10036.txt	167.49	-17.81	252.69	9.07	57041.50	573.37	3.083021e+05	2.590891e+01	6.410125e+00	404.91	65.886334	4541	3.347e-02
300kHz_150dA_100Mss_bobN1C10037.txt	168.0	-17.30	262.74	9.23	57041.50	576.42	3.083021e+05	2.602364e+01	6.413460e+00	417.33	67.637266	4541	3.441e-02
300kHz_150dA_100Mss_bobN1C10038.txt	169.05	-16.25	270.07	9.28	57041.50	575.91	3.083021e+05	2.621344e+01	6.413081e+00	419.16	67.437459	4541	3.588e-02
300kHz_150dA_100Mss_bobN1C10039.txt	169.56	-15.80	273.88	9.40	57041.50	573.40	3.083021e+05	2.605693e+01	6.418056e+00	432.52	70.051894	4541	3.585e-02
300kHz_150dA_100Mss_bobN1C10040.txt	170.07	-15.36	277.55	9.45	57041.50	577.33	3.083021e+05	2.628182e+01	6.418567e+00	437.90	70.320736	4541	3.653e-02
300kHz_150dA_100Mss_bobN1C10041.txt	170.59	-15.05	281.94	9.59	57041.50	574.87	3.083021e+05	2.618110e+01	6.421050e+00	444.17	71.627446	4541	3.673e-02
300kHz_150dA_100Mss_bobN1C10042.txt	171.09	-14.75	284.28	9.49	57041.50	582.35	3.083021e+05	2.646846e+01	6.418295e+00	440.13	70.177456	4541	3.742e-02
300kHz_150dA_100Mss_bobN1C10043.txt	171.59	-14.45	285.11	9.52	57041.50	576.16	3.083021e+05	2.626176e+01	6.421578e+00	447.23	71.904720	4541	3.744e-02
300kHz_150dA_100Mss_bobN1C10044.txt	172.11	-14.14	288.58	9.61	57041.50	579.56	3.083021e+05	2.645655e+01	6.421233e+00	449.43	71.723114	4541	3.763e-02
300kHz_150dA_100Mss_bobN1C10045.txt	172.62	-13.89	286.40	9.54	57041.50	579.07	3.083021e+05	2.641629e+01	6.420046e+00	444.92	71.098576	4541	3.749e-02
300kHz_150dA_100Mss_bobN1C10046.txt	173.15	-13.59	288.65	9.54	57041.50	587.07	3.083021e+05	2.670711e+01	6.421009e+00	452.96	71.604818	4541	3.774e-02
300kHz_150dA_100Mss_bobN1C10047.txt	173.66	-13.24	289.24	9.57	57041.50	581.82	3.083021e+05	2.656680e+01	6.422086e+00	454.08	72.171548	4541	3.771e-02
300kHz_150dA_100Mss_bobN1C10048.txt	174.19	-12.90	284.75	9.43	57041.50	579.68	3.083021e+05	2.634429e+01	6.419535e+00	442.06	70.829339	4541	3.722e-02
300kHz_150dA_100Mss_bobN1C10049.txt	174.73	-12.64	291.03	9.55	57041.50	595.34	3.083021e+05	2.709951e+01	6.420400e+00	457.59	71.284839	4541	3.785e-02
300kHz_150dA_100Mss_bobN1C10050.txt	175.25	-12.40	287.34	9.47	57041.50	599.70	3.083021e+05	2.725669e+01	6.418091e+00	452.55	70.070914	4541	3.735e-02
300kHz_150dA_100Mss_bobN1C10051.txt	175.96	-12.12	288.17	9.56	57041.50	585.61	3.083021e+05	2.672446e+01	6.422060e+00	456.69	72.158405	4541	3.735e-02
300kHz_150dA_100Mss_bobN1C10052.txt	176.48	-11.81	286.89	9.44	57041.50	580.58	3.083021e+05	2.651369e+01	6.419570e+00	445.01	70.847289	4541	3.720e-02
300kHz_150dA_100Mss_bobN1C10053.txt	177.0	-11.50	286.58	9.47	57041.50	579.38	3.083021e+05	2.646285e+01	6.420815e+00	448.19	71.502699	4541	3.740e-02
300kHz_150dA_100Mss_bobN1C10054.txt	178.12	-11.10	286.66	9.49	57041.50	577.66	3.083021e+05	2.650974e+01	6.419227e+00	443.83	70.667397	4541	3.738e-02
300kHz_150dA_100Mss_bobN1C10055.txt	178.75	-11.10	283.54	9.36	57041.50	579.19	3.083021e+05	2.643360e+01	6.419888e+00	444.69	71.015229	4541	3.685e-02
300kHz_150dA_100Mss_bobN1C10056.txt	179.49	-10.90	284.24	9.30	57041.50	583.48	3.083021e+05	2.661674e+01	6.418013e+00	441.67	70.028698	4541	3.717e-02
300kHz_150dA_100Mss_bobN1C10057.txt	180.51	-10.55	282.30	9.35	57041.50	588.93	3.083021e+05	2.689463e+01	6.418138e+00	446.69	70.095449	4541	3.679e-02
300kHz_150dA_100Mss_bobN1C10058.txt	181.0	-10.40	281.43	9.30	57041.50	585.13	3.083021e+05	2.678711e+01	6.414713e+00	433.69	68.295716	4541	3.641e-02
300kHz_150dA_100Mss_bobN1C10059.txt	181.51	-10.20	277.94	9.13	57041.50	586.60	3.083021e+05	2.672909e+01	6.414606e+00	432.39	68.238583	4541	3.651e-02
300kHz_150dA_100Mss_bobN1C10060.txt	182.0	-10.00	281.83	9.20	57041.50	588.77	3.083021e+05	2.682232e+01	6.416258e+00	439.32	69.106593	4541	3.669e-02
300kHz_150dA_100Mss_bobN1C10061.txt	182.49	-9.85	279.86	9.17	57041.50	594.08	3.083021e+05	2.697032e+01	6.415104e+00	437.94	68.500955	4541	3.647e-02
300kHz_150dA_100Mss_bobN1C10062.txt	182.98	-9.71	277.65	9.14	57041.50	588.17	3.083021e+05	2.684261e+01	6.413693e+00	431.23	67.759532	4541	3.626e-02
300kHz_150dA_100Mss_bobN1C10063.txt	183.51	-9.60	276.13	9.17	57041.50	586.82	3.083021e+05	2.678619e+01	6.414951e+00	434.45	68.420866	4541	3.597e-02
300kHz_150dA_100Mss_bobN1C10064.txt	184.03	-9.49	275.59	8.97	57041.50	598.14	3.083021e+05	2.717405e+01	6.410961e+00	427.47	66.324693	4541	3.671e-02
300kHz_150dA_100Mss_bobN1C10065.txt	184.53	-9.34	275.73	9.06	57041.50	592.30	3.083021e+05	2.696152e+01	6.414302e+00	435.15	68.079633	4541	3.625e-02
300kHz_150dA_100Mss_bobN1C10066.txt	185.04	-9.19	276.13	9.03	57041.50	596.63	3.083021e+05	2.705103e+01	6.413294e+00	433.26	67.549824	4541	3.631e-02
300kHz_150dA_100Mss_bobN1C10067.txt	185.55	-9.09	275.52	8.99	57041.50	598.98	3.083021e+05	2.724884e+01	6.411075e+00	429.03	66.385652	4541	3.635e-02
300kHz_150dA_100Mss_bobN1C10068.txt	186.14	-8.96	274.27	8.96	57041.50	606.85	3.083021e+05	2.743363e+01	6.412355e+00	436.23	67.057408	4541	3.630e-02
300kHz_150dA_100Mss_bobN1C10069.txt	186.63	-8.81	274.10	8.83	57041.50	610.77	3.083021e+05	2.762366e+01	6.409297e+00	428.91	65.452049	4541	3.676e-02
300kHz_150dA_100Mss_bobN1C10070.txt	187.13	-8.67	272.99	8.91	57041.50	597.96	3.083021e+05	2.719685e+01	6.409376e+00	422.55	65.493358	4541	3.641e-02
300kHz_150dA_100Mss_bobN1C10071.txt	187.64	-8.57	273.77	8.88	57041.50	598.16	3.083021e+05	2.715959e+01	6.409927e+00	423.80	65.782653	4541	3.662e-02
300kHz_150dA_100Mss_bobN1C10072.txt	188.15	-8.48	271.37	8.88	57041.50	596.29	3.083021e+05	2.705507e+01	6.411297e+00	426.71	66.502008	4541	3.619e-02
300kHz_150dA_100Mss_bobN1C10073.txt	188.64	-8.44	273.22	8.96	57041.50	596.65	3.083021e+05	2.710361e+01	6.412591e+00	431.77	67.181524	4541	3.610e-02
300kHz_150dA_100Mss_bobN1C10074.txt	189.17	-8.37	270.31	8.80	57041.50	599.04	3.083021e+05	2.718468e+01	6.410252e+00	425.28	65.953014	4541	3.639e-02
300kHz_150dA_100Mss_bobN1C10075.txt	189.74	-8.25	267.24	8.70	57041.50	600.83	3.083021e+05	2.719819e+01	6.407207e+00	415.34	64.356004	4541	3.630e-02
300kHz_150dA_100Mss_bobN1C10076.txt	190.75	-8.05	268.08	8.73	57041.50	600.58	3.083021e+05	2.719095e+01	6.407325e+00	415.63	64.418044	4541	3.610e-02
300kHz_150dA_100Mss_bobN1C10077.txt	191.26	-7.95	268.08	8.72	57041.50	601.72	3.083021e+05	2.730637e+01	6.405157e+00	410.14	63.281780	4541	3.632e-02
300kHz_150dA_100Mss_bobN1C10078.txt	191.78	-7.84	268.57	8.67	57041.50	604.31	3.083021e+05	2.740595e+01	6.404732e+00	410.21	63.058763	4541	3.659e-02
300kHz_150dA_100Mss_bobN1C10079.txt	192.28	-7.74	266.73	8.60	57041.50	614.64	3.083021e+05	2.774047e+01	6.405226e+00	416.89	63.317670	4541	3.658e-02
300kHz_150dA_100Mss_bobN1C10080.txt	192.85	-7.63	267.09	8.66	57041.50	606.94	3.083021e+05	2.742698e+01	6.406806e+00	417.49	64.146383	4541	3.632e-02
300kHz_150dA_100Mss_bobN1C10081.txt	193.38	-7.56	264.13	8.62	57041.50	599.97	3.083021e+05	2.716504e+01	6.406384e+00	412.10	63.924471	4541	3.602e-02
300kHz_150dA_100Mss_bobN1C10082.txt	193.9	-7.51	262.37	8.53	57041.50	605.55	3.083021e+05	2.737408e+01	6.402910e+00	403.62	62.104478	4541	3.609e-02
300kHz_150dA_100Mss_bobN1C10083.txt	194.44	-7.41	263.23	8.58	57041.50	603.47	3.083021e+05	2.734328e+01	6.404791e+00	409.46	63.089500	4541	3.605e-02
300kHz_150dA_100Mss_bobN1C10084.txt	194.95	-7.31	265.88	8.54	57041.50	604.84	3.083021e+05	2.732014e+01	6.404466e+00	408.03	62.919373	4541	3.658e-02
300kHz_150dA_100Mss_bobN1C10085.txt	195.5	-7.20	264.51	8.57	57041.50	604.85	3.083021e+05	2.739589e+01	6.404179e+00	408.20	62.769347	4541	3.627e-02
300kHz_150dA_100Mss_bobN1C10086.txt	196.02	-7.10	262.75	8.52	57041.50	610.43	3.083021e+05	2.756163e+01	6.403597e+00	408.70	62.464373	4541	3.615e-02
300kHz_150dA_100Mss_bobN1C10087.txt	196.61	-7.04	259.15	8.46	57041.50	604.28	3.083021e+05	2.732738e+01	6.401473e+00	398.11	61.352323	4541	3.598e-02
300kHz_150dA_100Mss_bobN1C10088.txt	197.13	-6.97	257.75	8.45	57041.50	611.07	3.083021e+05	2.757950e+01	6.403055e+00	407.14	62.181247	4541	3.568e-02
300kHz_150dA_100Mss_bobN1C10089.txt	197.89	-6.82	261.06	8.48	57041.50	604.47	3.083021e+05	2.739220e+01	6.401742e+00	399.96	61.493119	4541	3.604e-02
300kHz_150dA_100Mss_bobN1C10090.txt	198.46	-6.75	255.65	8.36	57041.50	606.84	3.083021e+05	2.734086e+01	6.402555e+00	401.94	61.918467	4541	3.566e-02
300kHz_150dA_100Mss_bobN1C10091.txt	198.97	-6.70	259.28	8.44	57041.50	604.64	3.083021e+05	2.733385e+01	6.403890e+00	406.31	62.617977	4541	3.592e-02
300kHz_150dA_100Mss_bobN1C10092.txt	199.48	-6.65	259.30	8.37	57041.50	610.11	3.083021e+05	2.756724e+01	6.400572e+00	398.56	60.880126	4541	3.593e-02
300kHz_150dA_100Mss_bobN1C10093.txt	199.97	-6.60	256.99	8.37	57041.50	613.04	3.083021e+05	2.761807e+01	6.401061e+00	400.95	61.136401	4541	3.556e-02
300kHz_150dA_100Mss_bobN1C10094.txt	200.47	-6.46	257.04	8.33	57041.50	612.27	3.083021e+05	2.759721e+01	6.399623e+00	395.79	60.383784	4541	3.584e-02
300kHz_150dA_100Mss_bobN1C10095.txt	201.61	-6.24	253.42	8.26	57041.50	605.66	3.083021e+05	2.732535e+01	6.397714e+00	385.49	59.384972	4541	3.548e-02
300kHz_150dA_100Mss_bobN1C10096.txt	202.11	-6.20	252.13	8.19	57041.50	612.48	3.083021e+05	2.753644e+01	6.398140e+00	389.91	59.608112	4541	3.553e-02
300kHz_150dA_100Mss_bobN1C10097.txt	202.64	-6.20	256.23	8.18	57041.50	628.27	3.083021e+05	2.813739e+01	6.398163e+00	398.50	59.619830	4541	3.617e-02
300kHz_150dA_100Mss_bobN1C10098.txt	203.87	-6.11	251.18	8.10	57041.50	625.58	3.083021e+05	2.807561e+01	6.395273e+00	387.67	58.108210	4541	3.583e-02
300kHz_150dA_100Mss_bobN1C10099.txt	204.5	-6.00	253.39	8.19	57041.50	612.44	3.083021e+05	2.752240e+01	6.398455e+00	390.77	59.772673	4541	3.568e-02
300kHz_150dA_100Mss_bobN1C10100.txt	205.02	-5.90	251.19	8.18	57041.50	613.28	3.083021e+05	2.767964e+01	6.395854e+00	384.17	58.412478	4541	3.553e-02
300kHz_150dA_100Mss_bobN1C10101.txt	205.53	-5.85	249.72	8.11	57041.50	614.99	3.083021e+05	2.767531e+01	6.395850e+00	384.10	58.410386	4541	3.528e-02
300kHz_150dA_100Mss_bobN1C10102.txt	206.2	-5.76	248.74	8.13	57041.50	610.15	3.083021e+05	2.746363e+01	6.397251e+00	385.88	59.143847	4541	3.494e-02
300kHz_150dA_100Mss_bobN1C10103.txt	206.73	-5.65	251.22	8.16	57041.50	610.09	3.083021e+05	2.749308e+01	6.395420e+00	380.12	58.185421	4541	3.550e-02
300kHz_150dA_100Mss_bobN1C10104.txt	207.24	-5.53	249.99	8.10	57041.50	615.44	3.083021e+05	2.765315e+01	6.394667e+00	379.78	57.791953	4541	3.555e-02
300kHz_150dA_100Mss_bobN1C10105.txt	207.76	-5.37	249.01	8.09	57041.50	615.11	3.083021e+05	2.770243e+01	6.395656e+00	383.82	58.308572	4541	3.514e-02
300kHz_150dA_100Mss_bobN1C10106.txt	208.34	-5.23	244.61	8.01	57041.50	613.01	3.083021e+05	2.758139e+01	6.393499e+00	374.84	57.181284	4541	3.483e-02
300kHz_150dA_100Mss_bobN1C10107.txt	208.83	-5.13	247.12	8.02	57041.50	610.04	3.083021e+05	2.748479e+01	6.393345e+00	373.01	57.100887	4541	3.527e-02
300kHz_150dA_100Mss_bobN1C10108.txt	209.34	-4.93	246.85	8.02	57041.50	612.10	3.083021e+05	2.757470e+01	6.394079e+00	376.71	57.484518	4541	3.521e-02
300kHz_150dA_100Mss_bobN1C10109.txt	209.84	-4.68	244.55	7.93	57041.50	618.32	3.083021e+05	2.771980e+01	6.392405e+00	373.00	56.609959	4541	3.517e-02
300kHz_150dA_100Mss_bobN1C10110.txt	210.36	-4.49	244.14	7.90	57041.50	628.88	3.083021e+05	2.812694e+01	6.393012e+00	380.58	56.926881	4541	3.530e-02
300kHz_150dA_100Mss_bobN1C10111.txt	210.89	-4.33	243.29	7.90	57041.50	625.51	3.083021e+05	2.798996e+01	6.391416e+00	373.24	56.093022	4541	3.513e-02
300kHz_150dA_100Mss_bobN1C10112.txt	211.41	-4.01	244.71	7.95	57041.50	612.60	3.083021e+05	2.752181e+01	6.394284e+00	376.68	57.592059	4541	3.505e-02
300kHz_150dA_100Mss_bobN1C10113.txt	211.92	-3.66	247.33	8.05	57041.50	616.43	3.083021e+05	2.770616e+01	6.394408e+00	379.63	57.656874	4541	3.500e-02
300kHz_150dA_100Mss_bobN1C10114.txt	212.96	-2.93	242.28	7.83	57041.50	621.31	3.083021e+05	2.786087e+01	6.390543e+00	368.53	55.637140	4541	3.539e-02
300kHz_150dA_100Mss_bobN1C10115.txt	213.48	-2.52	241.82	7.80	57041.50	618.63	3.083021e+05	2.769259e+01	6.390710e+00	366.87	55.723867	4541	3.536e-02
300kHz_150dA_100Mss_bobN1C10116.txt	213.99	-2.11	240.85	7.84	57041.50	615.98	3.083021e+05	2.759022e+01	6.391719e+00	368.94	56.251780	4541	3.499e-02
300kHz_150dA_100Mss_bobN1C10117.txt	214.49	-1.61	241.38	7.81	57041.50	614.05	3.083021e+05	2.758965e+01	6.391159e+00	367.03	55.958858	4541	3.521e-02
300kHz_150dA_100Mss_bobN1C10118.txt	215.0	-1.10	238.34	7.68	57041.50	622.34	3.083021e+05	2.785702e+01	6.388384e+00	361.10	54.509811	4541	3.534e-02
300kHz_150dA_100Mss_bobN1C10119.txt	215.52	-0.42	240.72	7.75	57041.50	620.35	3.083021e+05	2.776056e+01	6.388560e+00	360.45	54.601643	4541	3.547e-02
300kHz_150dA_100Mss_bobN1C10120.txt	216.04	0.23	241.09	7.72	57041.50	628.17	3.083021e+05	2.806841e+01	6.388012e+00	362.56	54.315442	4541	3.563e-02
300kHz_150dA_100Mss_bobN1C10121.txt	216.62	0.63	240.51	7.74	57041.50	619.48	3.083021e+05	2.782793e+01	6.387316e+00	357.07	53.951699	4541	3.536e-02
300kHz_150dA_100Mss_bobN1C10122.txt	217.14	1.00	238.89	7.72	57041.50	621.04	3.083021e+05	2.780703e+01	6.389058e+00	362.75	54.862085	4541	3.526e-02
300kHz_150dA_100Mss_bobN1C10123.txt	217.64	1.35	237.37	7.68	57041.50	621.28	3.083021e+05	2.784755e+01	6.386550e+00	354.70	53.552302	4541	3.523e-02
300kHz_150dA_100Mss_bobN1C10124.txt	218.14	1.74	237.07	7.66	57041.50	618.64	3.083021e+05	2.769668e+01	6.385632e+00	349.66	53.073866	4541	3.537e-02
300kHz_150dA_100Mss_bobN1C10125.txt	218.65	2.25	238.06	7.80	57041.50	611.42	3.083021e+05	2.753801e+01	6.389907e+00	362.11	55.305293	4541	3.480e-02
300kHz_150dA_100Mss_bobN1C10126.txt	219.15	2.71	234.78	7.65	57041.50	615.61	3.083021e+05	2.764572e+01	6.387319e+00	354.75	53.954025	4541	3.501e-02
300kHz_150dA_100Mss_bobN1C10127.txt	219.64	3.05	233.90	7.61	57041.50	615.00	3.083021e+05	2.762649e+01	6.384800e+00	345.95	52.639366	4541	3.500e-02
300kHz_150dA_100Mss_bobN1C10128.txt	220.14	3.48	235.69	7.60	57041.50	618.38	3.083021e+05	2.775468e+01	6.385370e+00	349.50	52.936742	4541	3.530e-02
300kHz_150dA_100Mss_bobN1C10129.txt	220.65	4.15	233.97	7.60	57041.50	615.98	3.083021e+05	2.763307e+01	6.386422e+00	351.54	53.485651	4541	3.509e-02
300kHz_150dA_100Mss_bobN1C10130.txt	221.16	4.71	232.60	7.49	57041.50	621.78	3.083021e+05	2.779166e+01	6.384027e+00	345.38	52.236138	4541	3.512e-02
300kHz_150dA_100Mss_bobN1C10131.txt	221.66	5.06	233.67	7.53	57041.50	619.79	3.083021e+05	2.775246e+01	6.385012e+00	348.25	52.749801	4541	3.529e-02
300kHz_150dA_100Mss_bobN1C10132.txt	222.15	5.48	233.54	7.54	57041.50	618.75	3.083021e+05	2.767724e+01	6.384464e+00	345.45	52.464349	4541	3.518e-02
300kHz_150dA_100Mss_bobN1C10133.txt	223.19	6.69	234.27	7.50	57041.50	627.76	3.083021e+05	2.808196e+01	6.383092e+00	345.77	51.748461	4541	3.557e-02
300kHz_150dA_100Mss_bobN1C10134.txt	223.68	7.18	229.75	7.40	57041.50	625.90	3.083021e+05	2.793829e+01	6.381925e+00	339.99	51.140611	4541	3.522e-02
300kHz_150dA_100Mss_bobN1C10135.txt	224.17	7.69	228.94	7.36	57041.50	631.30	3.083021e+05	2.818090e+01	6.381316e+00	340.84	50.822587	4541	3.537e-02
300kHz_150dA_100Mss_bobN1C10136.txt	224.68	8.25	229.70	7.38	57041.50	627.75	3.083021e+05	2.802084e+01	6.381415e+00	339.24	50.874611	4541	3.506e-02
300kHz_150dA_100Mss_bobN1C10137.txt	225.2	8.78	228.56	7.36	57041.50	629.13	3.083021e+05	2.808361e+01	6.381506e+00	340.32	50.922112	4541	3.523e-02
300kHz_150dA_100Mss_bobN1C10138.txt	225.7	9.23	227.11	7.28	57041.50	641.17	3.083021e+05	2.855711e+01	6.379085e+00	337.56	49.660307	4541	3.514e-02
300kHz_150dA_100Mss_bobN1C10139.txt	226.22	9.92	229.94	7.41	57041.50	629.50	3.083021e+05	2.812292e+01	6.382443e+00	344.03	51.410893	4541	3.522e-02
300kHz_150dA_100Mss_bobN1C10140.txt	226.75	10.92	225.06	7.26	57041.50	628.59	3.083021e+05	2.800298e+01	6.379540e+00	332.57	49.897499	4541	3.491e-02
300kHz_150dA_100Mss_bobN1C10141.txt	227.27	11.64	227.05	7.29	57041.50	630.13	3.083021e+05	2.808910e+01	6.381180e+00	339.25	50.751632	4541	3.501e-02
300kHz_150dA_100Mss_bobN1C10142.txt	227.81	12.13	227.06	7.30	57041.50	632.44	3.083021e+05	2.823472e+01	6.379311e+00	334.53	49.777994	4541	3.499e-02
300kHz_150dA_100Mss_bobN1C10143.txt	228.38	12.60	225.84	7.28	57041.50	628.13	3.083021e+05	2.802108e+01	6.379417e+00	332.37	49.833678	4541	3.517e-02
300kHz_150dA_100Mss_bobN1C10144.txt	228.9	13.02	226.91	7.27	57041.50	630.84	3.083021e+05	2.811376e+01	6.380295e+00	336.50	50.291498	4541	3.505e-02
300kHz_150dA_100Mss_bobN1C10145.txt	229.39	13.10	227.36	7.29	57041.50	629.71	3.083021e+05	2.808570e+01	6.379184e+00	332.33	49.711717	4541	3.513e-02
300kHz_150dA_100Mss_bobN1C10146.txt	229.9	13.10	223.98	7.15	57041.50	636.14	3.083021e+05	2.827116e+01	6.377171e+00	327.53	48.663131	4541	3.525e-02
300kHz_150dA_100Mss_bobN1C10147.txt	230.41	13.59	225.69	7.13	57041.50	639.60	3.083021e+05	2.853909e+01	6.375341e+00	324.21	47.709878	4541	3.543e-02
300kHz_150dA_100Mss_bobN1C10148.txt	230.91	14.19	221.18	7.12	57041.50	630.60	3.083021e+05	2.808412e+01	6.377886e+00	327.83	49.035892	4541	3.467e-02
300kHz_150dA_100Mss_bobN1C10149.txt	231.41	14.67	219.94	7.09	57041.50	633.01	3.083021e+05	2.824552e+01	6.375242e+00	320.53	47.658657	4541	3.464e-02
300kHz_150dA_100Mss_bobN1C10150.txt	231.92	15.13	221.11	7.07	57041.50	636.29	3.083021e+05	2.832709e+01	6.374923e+00	320.35	47.492196	4541	3.494e-02
300kHz_150dA_100Mss_bobN1C10151.txt	232.44	15.51	221.60	7.15	57041.50	628.01	3.083021e+05	2.801716e+01	6.377049e+00	324.17	48.599699	4541	3.479e-02
300kHz_150dA_100Mss_bobN1C10152.txt	233.45	16.03	222.29	7.16	57041.50	628.64	3.083021e+05	2.805048e+01	6.376496e+00	322.64	48.311619	4541	3.487e-02
300kHz_150dA_100Mss_bobN1C10153.txt	233.95	16.18	222.34	7.10	57041.50	632.34	3.083021e+05	2.816157e+01	6.375610e+00	320.86	47.850173	4541	3.521e-02
300kHz_150dA_100Mss_bobN1C10154.txt	234.46	16.52	221.69	7.16	57041.50	626.78	3.083021e+05	2.798575e+01	6.377475e+00	325.27	48.821984	4541	3.476e-02
300kHz_150dA_100Mss_bobN1C10155.txt	234.98	16.89	220.31	7.07	57041.50	630.66	3.083021e+05	2.807277e+01	6.375803e+00	320.51	47.950676	4541	3.476e-02
300kHz_150dA_100Mss_bobN1C10156.txt	235.47	17.23	218.91	7.00	57041.50	632.97	3.083021e+05	2.813891e+01	6.373224e+00	312.34	46.607940	4541	3.503e-02
300kHz_150dA_100Mss_bobN1C10157.txt	235.98	17.59	219.21	7.03	57041.50	629.15	3.083021e+05	2.802642e+01	6.374432e+00	315.26	47.236616	4541	3.501e-02
300kHz_150dA_100Mss_bobN1C10158.txt	236.49	18.09	220.59	7.02	57041.50	631.91	3.083021e+05	2.808517e+01	6.374957e+00	317.73	47.510104	4541	3.503e-02
300kHz_150dA_100Mss_bobN1C10159.txt	236.99	18.59	219.65	7.04	57041.50	630.28	3.083021e+05	2.805983e+01	6.376180e+00	321.66	48.147174	4541	3.469e-02
300kHz_150dA_100Mss_bobN1C10160.txt	237.49	18.89	220.71	7.04	57041.50	629.55	3.083021e+05	2.807495e+01	6.375413e+00	319.19	47.747744	4541	3.495e-02
300kHz_150dA_100Mss_bobN1C10161.txt	237.98	19.19	218.35	6.99	57041.50	637.38	3.083021e+05	2.835300e+01	6.372625e+00	312.63	46.296591	4541	3.480e-02
300kHz_150dA_100Mss_bobN1C10162.txt	238.49	19.49	216.12	6.86	57041.50	640.35	3.083021e+05	2.841541e+01	6.371008e+00	307.67	45.454629	4541	3.509e-02
300kHz_150dA_100Mss_bobN1C10163.txt	239.01	19.81	215.67	6.87	57041.50	641.44	3.083021e+05	2.846574e+01	6.370975e+00	308.10	45.437741	4541	3.492e-02
300kHz_150dA_100Mss_bobN1C10164.txt	239.52	20.11	215.38	6.90	57041.50	637.70	3.083021e+05	2.838092e+01	6.371617e+00	309.42	45.771793	4541	3.468e-02
300kHz_150dA_100Mss_bobN1C10165.txt	240.03	20.42	216.37	6.88	57041.50	641.07	3.083021e+05	2.843117e+01	6.371950e+00	311.13	45.945272	4541	3.512e-02
300kHz_150dA_100Mss_bobN1C10166.txt	240.55	20.73	217.59	6.93	57041.50	639.83	3.083021e+05	2.845138e+01	6.373406e+00	316.45	46.703213	4541	3.490e-02
300kHz_150dA_100Mss_bobN1C10167.txt	241.07	21.04	218.45	6.96	57041.50	640.74	3.083021e+05	2.841868e+01	6.373733e+00	317.23	46.873267	4541	3.493e-02
300kHz_150dA_100Mss_bobN1C10168.txt	241.58	21.35	214.53	6.88	57041.50	641.18	3.083021e+05	2.850683e+01	6.371865e+00	311.66	45.900933	4541	3.461e-02
300kHz_150dA_100Mss_bobN1C10169.txt	242.09	21.65	215.71	6.90	57041.50	643.56	3.083021e+05	2.858467e+01	6.372784e+00	315.74	46.378776	4541	3.470e-02
300kHz_150dA_100Mss_bobN1C10170.txt	242.71	22.03	216.17	6.88	57041.50	641.71	3.083021e+05	2.845659e+01	6.372435e+00	313.11	46.197535	4541	3.499e-02
300kHz_150dA_100Mss_bobN1C10171.txt	243.87	22.55	214.55	6.76	57041.50	646.10	3.083021e+05	2.867104e+01	6.368214e+00	300.59	44.001551	4541	3.545e-02
300kHz_150dA_100Mss_bobN1C10172.txt	244.57	22.94	215.02	6.80	57041.50	645.54	3.083021e+05	2.860247e+01	6.370403e+00	307.57	45.139869	4541	3.521e-02
300kHz_150dA_100Mss_bobN1C10173.txt	245.07	23.23	215.56	6.84	57041.50	644.98	3.083021e+05	2.861325e+01	6.370332e+00	307.43	45.103430	4541	3.511e-02
300kHz_150dA_100Mss_bobN1C10174.txt	245.57	23.48	211.56	6.72	57041.50	642.52	3.083021e+05	2.846420e+01	6.368058e+00	297.87	43.920852	4541	3.498e-02
300kHz_150dA_100Mss_bobN1C10175.txt	246.06	23.74	210.83	6.75	57041.50	638.33	3.083021e+05	2.833973e+01	6.369822e+00	302.72	44.838422	4541	3.473e-02
300kHz_150dA_100Mss_bobN1C10176.txt	246.57	24.04	211.34	6.72	57041.50	646.41	3.083021e+05	2.864012e+01	6.368554e+00	301.46	44.178421	4541	3.505e-02
300kHz_150dA_100Mss_bobN1C10177.txt	247.07	24.33	213.35	6.76	57041.50	643.09	3.083021e+05	2.851390e+01	6.368348e+00	299.41	44.071455	4541	3.515e-02
300kHz_150dA_100Mss_bobN1C10178.txt	247.7	24.65	210.88	6.71	57041.50	642.56	3.083021e+05	2.852520e+01	6.367648e+00	297.07	43.707091	4541	3.494e-02
300kHz_150dA_100Mss_bobN1C10179.txt	248.21	24.91	210.30	6.63	57041.50	645.78	3.083021e+05	2.850972e+01	6.368575e+00	300.16	44.189393	4541	3.525e-02
300kHz_150dA_100Mss_bobN1C10180.txt	248.83	25.22	211.17	6.63	57041.50	650.21	3.083021e+05	2.872129e+01	6.367013e+00	296.87	43.376828	4541	3.537e-02
300kHz_150dA_100Mss_bobN1C10181.txt	249.53	25.51	211.43	6.70	57041.50	647.04	3.083021e+05	2.872443e+01	6.367445e+00	298.43	43.601905	4541	3.519e-02
300kHz_150dA_100Mss_bobN1C10182.txt	250.11	25.73	210.37	6.65	57041.50	647.17	3.083021e+05	2.871778e+01	6.365814e+00	292.60	42.753594	4541	3.524e-02
300kHz_150dA_100Mss_bobN1C10183.txt	250.64	25.89	212.82	6.69	57041.50	650.10	3.083021e+05	2.873216e+01	6.368898e+00	303.64	44.357618	4541	3.535e-02
300kHz_150dA_100Mss_bobN1C10184.txt	251.16	26.06	210.17	6.60	57041.50	657.82	3.083021e+05	2.906497e+01	6.366712e+00	299.35	43.220440	4541	3.545e-02
300kHz_150dA_100Mss_bobN1C10185.txt	251.68	26.27	208.65	6.62	57041.50	654.89	3.083021e+05	2.898088e+01	6.365882e+00	295.52	42.789427	4541	3.511e-02
300kHz_150dA_100Mss_bobN1C10186.txt	252.18	26.51	210.78	6.62	57041.50	654.34	3.083021e+05	2.892790e+01	6.366202e+00	296.12	42.955852	4541	3.541e-02
300kHz_150dA_100Mss_bobN1C10187.txt	252.86	26.92	211.58	6.67	57041.50	654.42	3.083021e+05	2.894248e+01	6.367773e+00	301.86	43.772608	4541	3.528e-02
300kHz_150dA_100Mss_bobN1C10188.txt	253.38	27.30	211.52	6.63	57041.50	653.96	3.083021e+05	2.890009e+01	6.367229e+00	299.48	43.489430	4541	3.549e-02
300kHz_150dA_100Mss_bobN1C10189.txt	253.9	27.72	212.56	6.65	57041.50	658.95	3.083021e+05	2.909663e+01	6.367053e+00	300.89	43.398206	4541	3.549e-02
300kHz_150dA_100Mss_bobN1C10190.txt	255.09	28.24	208.35	6.55	57041.50	655.56	3.083021e+05	2.895439e+01	6.366086e+00	295.98	42.895507	4541	3.535e-02
300kHz_150dA_100Mss_bobN1C10191.txt	255.59	28.50	208.91	6.57	57041.50	656.98	3.083021e+05	2.895017e+01	6.366821e+00	298.55	43.277987	4541	3.527e-02
300kHz_150dA_100Mss_bobN1C10192.txt	256.1	28.70	207.84	6.56	57041.50	654.36	3.083021e+05	2.896025e+01	6.366380e+00	297.08	43.048360	4541	3.524e-02
300kHz_150dA_100Mss_bobN1C10193.txt	256.6	28.70	206.61	6.52	57041.50	651.71	3.083021e+05	2.879794e+01	6.366439e+00	295.63	43.079213	4541	3.520e-02
300kHz_150dA_100Mss_bobN1C10194.txt	257.13	28.78	208.14	6.53	57041.50	656.58	3.083021e+05	2.903186e+01	6.365876e+00	296.02	42.786060	4541	3.548e-02
300kHz_150dA_100Mss_bobN1C10195.txt	257.61	29.07	205.97	6.43	57041.50	665.05	3.083021e+05	2.922867e+01	6.365026e+00	294.97	42.344136	4541	3.565e-02
300kHz_150dA_100Mss_bobN1C10196.txt	258.11	29.34	209.17	6.55	57041.50	655.41	3.083021e+05	2.904367e+01	6.364930e+00	292.76	42.294295	4541	3.549e-02
300kHz_150dA_100Mss_bobN1C10197.txt	258.61	29.54	208.23	6.51	57041.50	660.50	3.083021e+05	2.918769e+01	6.364399e+00	292.30	42.018653	4541	3.561e-02
300kHz_150dA_100Mss_bobN1C10198.txt	259.12	29.76	206.88	6.48	57041.50	654.84	3.083021e+05	2.895198e+01	6.364157e+00	289.08	41.892708	4541	3.556e-02
300kHz_150dA_100Mss_bobN1C10199.txt	259.64	30.02	206.13	6.50	57041.50	653.54	3.083021e+05	2.897788e+01	6.363631e+00	287.47	41.619511	4541	3.525e-02
300kHz_150dA_100Mss_bobN1C10200.txt	260.16	30.26	208.10	6.51	57041.50	658.57	3.083021e+05	2.918595e+01	6.364392e+00	292.26	42.015299	4541	3.557e-02
300kHz_150dA_100Mss_bobN1C10201.txt	260.7	30.48	207.47	6.49	57041.50	655.30	3.083021e+05	2.898973e+01	6.363356e+00	286.60	41.476996	4541	3.553e-02
300kHz_150dA_100Mss_bobN1C10202.txt	261.24	30.70	206.61	6.49	57041.50	657.75	3.083021e+05	2.905541e+01	6.365180e+00	293.77	42.424367	4541	3.533e-02
300kHz_150dA_100Mss_bobN1C10203.txt	261.82	30.93	207.74	6.45	57041.50	662.98	3.083021e+05	2.922226e+01	6.364828e+00	294.19	42.241187	4541	3.580e-02
300kHz_150dA_100Mss_bobN1C10204.txt	262.33	31.10	207.30	6.49	57041.50	662.80	3.083021e+05	2.926521e+01	6.363881e+00	291.22	41.749808	4541	3.557e-02
300kHz_150dA_100Mss_bobN1C10205.txt	262.83	31.25	206.10	6.44	57041.50	660.12	3.083021e+05	2.916135e+01	6.363245e+00	287.90	41.419151	4541	3.548e-02
300kHz_150dA_100Mss_bobN1C10206.txt	263.33	31.37	207.68	6.51	57041.50	653.99	3.083021e+05	2.887262e+01	6.364177e+00	288.36	41.903622	4541	3.539e-02
300kHz_150dA_100Mss_bobN1C10207.txt	263.83	31.47	205.23	6.44	57041.50	663.80	3.083021e+05	2.933338e+01	6.362493e+00	286.88	41.028448	4541	3.543e-02
