# Configuracion:
# Concentracion g/m^3_=_14924.999999999998
# C_Vs_to_Am_M_A/Vsm_=_116720831517.84952
# pendiente_HvsI_1/m_=_3716.3
# ordenada_HvsI_A/m_=_1297.0
# frecuencia_ref_Hz_=_308264.7571455291
# 
Resultados:
# tau_s_=_(6.72+/-1.48)e+01
# dphi_rad_=_6.41+/-0.03
# SAR_W/g_=_531.53+/-74.28
# Hc_kA/m_=_9.41+/-1.50
# Mr_A/m_=_283.45+/-53.20
# Suceptibilidad_a_M=0_=_0.0362+/-0.0093
Nombre_archivo	Time_m_(s)	Temperatura_(ºC)	Mr_(A/m)	Hc_(kA/m)	Campo_max_(A/m)	Mag_max_(A/m)	f0	mag0	dphi0	SAR_(W/g)	Tau_(ns)	N	xi_M_0
300kHz_150dA_100Mss_bobN1C10008.txt	65.43	-186.73	246.39	14.96	57041.50	698.50	3.082343e+05	2.863123e+01	6.511192e+00	798.74	119.809697	4542	1.858e-02
300kHz_150dA_100Mss_bobN1C10009.txt	65.95	-181.68	242.23	15.06	57041.50	672.27	3.082343e+05	2.781887e+01	6.513925e+00	785.22	121.297415	4542	1.823e-02
300kHz_150dA_100Mss_bobN1C10010.txt	66.45	-176.07	243.09	14.75	57041.50	668.81	3.082343e+05	2.766841e+01	6.510310e+00	768.95	119.328249	4542	1.866e-02
300kHz_150dA_100Mss_bobN1C10011.txt	66.96	-170.26	241.32	14.92	57041.50	654.00	3.082343e+05	2.730115e+01	6.508967e+00	754.33	118.598772	4542	1.871e-02
300kHz_150dA_100Mss_bobN1C10012.txt	67.46	-164.51	239.34	14.61	57041.50	649.86	3.083021e+05	2.703049e+01	6.509840e+00	749.86	119.074086	4541	1.850e-02
300kHz_150dA_100Mss_bobN1C10013.txt	67.96	-158.76	234.15	14.49	57041.50	644.17	3.082343e+05	2.690016e+01	6.506000e+00	733.65	116.987718	4542	1.830e-02
300kHz_150dA_100Mss_bobN1C10014.txt	68.46	-153.33	233.74	14.32	57041.50	642.99	3.082343e+05	2.693085e+01	6.501954e+00	721.36	114.792738	4542	1.864e-02
300kHz_150dA_100Mss_bobN1C10015.txt	68.97	-147.82	230.18	13.97	57041.50	645.28	3.082343e+05	2.702272e+01	6.497402e+00	708.99	112.327515	4542	1.856e-02
300kHz_150dA_100Mss_bobN1C10016.txt	69.46	-143.04	232.12	13.96	57041.50	638.49	3.082343e+05	2.666427e+01	6.501339e+00	712.25	114.459397	4542	1.869e-02
300kHz_150dA_100Mss_bobN1C10017.txt	69.97	-138.09	230.53	13.78	57041.50	642.30	3.083021e+05	2.688599e+01	6.495588e+00	699.68	111.347197	4541	1.889e-02
300kHz_150dA_100Mss_bobN1C10018.txt	70.49	-133.98	224.64	13.55	57041.50	637.99	3.083021e+05	2.675888e+01	6.491397e+00	682.83	109.084484	4541	1.853e-02
300kHz_150dA_100Mss_bobN1C10019.txt	71.5	-126.50	222.60	13.16	57041.50	645.15	3.083021e+05	2.700771e+01	6.484421e+00	666.41	105.328228	4541	1.898e-02
300kHz_150dA_100Mss_bobN1C10020.txt	72.0	-123.00	220.24	13.05	57041.50	642.14	3.083021e+05	2.694748e+01	6.483103e+00	660.63	104.618819	4541	1.893e-02
300kHz_150dA_100Mss_bobN1C10021.txt	72.52	-119.57	219.23	12.77	57041.50	654.27	3.083021e+05	2.743794e+01	6.476639e+00	651.18	101.149071	4541	1.922e-02
300kHz_150dA_100Mss_bobN1C10022.txt	73.05	-116.09	215.52	12.52	57041.50	648.06	3.082343e+05	2.724837e+01	6.472184e+00	631.83	98.762908	4542	1.925e-02
300kHz_150dA_100Mss_bobN1C10023.txt	73.55	-112.99	213.17	12.37	57041.50	645.50	3.082343e+05	2.713134e+01	6.470895e+00	624.87	98.073168	4542	1.920e-02
300kHz_150dA_100Mss_bobN1C10024.txt	74.08	-109.50	214.46	12.42	57041.50	641.87	3.082343e+05	2.697503e+01	6.471364e+00	622.81	98.324428	4542	1.927e-02
300kHz_150dA_100Mss_bobN1C10025.txt	74.57	-105.24	211.70	12.38	57041.50	635.02	3.083021e+05	2.670943e+01	6.471358e+00	616.79	98.321431	4541	1.901e-02
300kHz_150dA_100Mss_bobN1C10026.txt	75.09	-101.04	211.02	12.08	57041.50	641.73	3.083021e+05	2.695437e+01	6.468020e+00	611.53	96.535587	4541	1.936e-02
300kHz_150dA_100Mss_bobN1C10027.txt	75.6	-98.44	209.83	12.03	57041.50	642.28	3.083021e+05	2.710677e+01	6.463561e+00	600.32	94.154387	4541	1.947e-02
300kHz_150dA_100Mss_bobN1C10028.txt	76.12	-95.84	206.11	11.84	57041.50	636.45	3.083021e+05	2.685325e+01	6.463644e+00	594.97	94.197981	4541	1.921e-02
300kHz_150dA_100Mss_bobN1C10029.txt	76.63	-93.44	205.97	11.88	57041.50	637.49	3.083021e+05	2.687544e+01	6.462679e+00	592.32	93.685266	4541	1.922e-02
300kHz_150dA_100Mss_bobN1C10030.txt	77.14	-91.10	205.41	11.70	57041.50	641.64	3.083021e+05	2.712157e+01	6.458140e+00	582.78	91.265125	4541	1.952e-02
300kHz_150dA_100Mss_bobN1C10031.txt	77.64	-88.95	204.28	11.39	57041.50	650.52	3.083021e+05	2.738077e+01	6.455203e+00	578.57	89.701885	4541	1.971e-02
300kHz_150dA_100Mss_bobN1C10032.txt	78.15	-87.08	204.48	11.45	57041.50	637.76	3.082343e+05	2.693183e+01	6.456378e+00	572.81	90.326998	4542	1.972e-02
300kHz_150dA_100Mss_bobN1C10033.txt	78.65	-86.03	200.86	11.13	57041.50	647.86	3.083021e+05	2.732620e+01	6.450691e+00	562.42	87.303293	4541	1.990e-02
300kHz_150dA_100Mss_bobN1C10034.txt	79.16	-84.69	204.14	11.30	57041.50	648.18	3.083021e+05	2.746599e+01	6.449894e+00	562.63	86.880055	4541	2.006e-02
300kHz_150dA_100Mss_bobN1C10035.txt	79.67	-82.75	205.38	11.29	57041.50	650.11	3.083021e+05	2.751419e+01	6.451103e+00	567.67	87.522421	4541	2.018e-02
300kHz_150dA_100Mss_bobN1C10036.txt	80.17	-80.90	203.79	10.84	57041.50	666.80	3.082343e+05	2.808761e+01	6.443948e+00	554.90	83.726668	4542	2.074e-02
300kHz_150dA_100Mss_bobN1C10037.txt	80.68	-79.12	205.20	11.11	57041.50	651.68	3.083021e+05	2.761938e+01	6.448175e+00	559.99	85.968509	4541	2.056e-02
300kHz_150dA_100Mss_bobN1C10038.txt	81.79	-74.13	202.41	10.70	57041.50	656.58	3.083021e+05	2.789914e+01	6.440292e+00	538.86	81.789459	4541	2.093e-02
300kHz_150dA_100Mss_bobN1C10039.txt	82.31	-71.74	203.25	10.71	57041.50	661.00	3.083021e+05	2.802728e+01	6.442085e+00	547.47	82.739939	4541	2.096e-02
300kHz_150dA_100Mss_bobN1C10040.txt	82.82	-69.49	206.32	10.68	57041.50	668.43	3.083021e+05	2.825919e+01	6.441464e+00	549.86	82.411828	4541	2.136e-02
300kHz_150dA_100Mss_bobN1C10041.txt	83.33	-67.78	205.41	10.69	57041.50	667.00	3.083021e+05	2.828666e+01	6.439081e+00	542.17	81.150735	4541	2.133e-02
300kHz_150dA_100Mss_bobN1C10042.txt	83.82	-66.40	203.59	10.42	57041.50	673.77	3.082343e+05	2.850963e+01	6.437367e+00	540.37	80.243444	4542	2.146e-02
300kHz_150dA_100Mss_bobN1C10043.txt	84.33	-65.90	202.69	10.39	57041.50	674.58	3.082343e+05	2.865294e+01	6.435869e+00	537.85	79.451244	4542	2.147e-02
300kHz_150dA_100Mss_bobN1C10044.txt	84.83	-65.90	204.33	10.29	57041.50	673.83	3.082343e+05	2.854193e+01	6.435662e+00	535.05	79.341543	4542	2.181e-02
300kHz_150dA_100Mss_bobN1C10045.txt	85.41	-64.34	202.95	10.24	57041.50	674.52	3.083021e+05	2.863574e+01	6.432803e+00	526.93	77.831510	4541	2.180e-02
300kHz_150dA_100Mss_bobN1C10046.txt	85.9	-62.48	204.14	10.23	57041.50	675.53	3.083021e+05	2.868954e+01	6.431854e+00	524.60	77.330716	4541	2.198e-02
300kHz_150dA_100Mss_bobN1C10047.txt	86.42	-61.13	205.71	10.25	57041.50	679.24	3.082343e+05	2.883370e+01	6.432024e+00	527.72	77.421215	4542	2.216e-02
300kHz_150dA_100Mss_bobN1C10048.txt	86.94	-59.94	203.49	10.17	57041.50	674.30	3.083021e+05	2.867645e+01	6.431197e+00	522.06	76.984087	4541	2.210e-02
300kHz_150dA_100Mss_bobN1C10049.txt	87.45	-58.81	204.36	9.93	57041.50	694.96	3.083021e+05	2.944185e+01	6.426313e+00	518.43	74.408305	4541	2.270e-02
300kHz_150dA_100Mss_bobN1C10050.txt	87.97	-57.67	204.23	10.16	57041.50	681.44	3.082343e+05	2.893815e+01	6.431893e+00	529.16	77.352133	4542	2.220e-02
300kHz_150dA_100Mss_bobN1C10051.txt	88.46	-56.59	203.46	10.05	57041.50	681.78	3.083021e+05	2.905016e+01	6.428038e+00	517.65	75.317158	4541	2.238e-02
300kHz_150dA_100Mss_bobN1C10052.txt	88.98	-55.44	204.46	10.02	57041.50	681.62	3.083021e+05	2.908135e+01	6.427585e+00	516.60	75.077842	4541	2.253e-02
300kHz_150dA_100Mss_bobN1C10053.txt	89.49	-54.42	200.84	9.80	57041.50	690.20	3.083021e+05	2.931032e+01	6.426115e+00	515.40	74.303680	4541	2.257e-02
300kHz_150dA_100Mss_bobN1C10054.txt	90.0	-53.40	203.44	9.83	57041.50	697.24	3.082343e+05	2.968558e+01	6.424085e+00	514.52	73.234257	4542	2.273e-02
300kHz_150dA_100Mss_bobN1C10055.txt	90.52	-52.41	202.93	9.70	57041.50	704.61	3.083021e+05	2.994964e+01	6.422332e+00	512.80	72.310695	4541	2.308e-02
300kHz_150dA_100Mss_bobN1C10056.txt	91.03	-51.45	201.28	9.56	57041.50	703.48	3.082343e+05	2.990385e+01	6.420973e+00	506.93	71.595680	4542	2.308e-02
300kHz_150dA_100Mss_bobN1C10057.txt	92.03	-49.65	201.95	9.70	57041.50	695.38	3.083021e+05	2.962944e+01	6.419994e+00	498.84	71.080339	4541	2.295e-02
300kHz_150dA_100Mss_bobN1C10058.txt	92.53	-48.80	201.45	9.58	57041.50	695.34	3.083021e+05	2.961269e+01	6.420241e+00	499.46	71.210062	4541	2.310e-02
300kHz_150dA_100Mss_bobN1C10059.txt	93.02	-47.97	201.70	9.48	57041.50	703.21	3.082343e+05	2.991240e+01	6.418734e+00	498.89	70.417586	4542	2.321e-02
300kHz_150dA_100Mss_bobN1C10060.txt	93.53	-47.10	205.31	9.65	57041.50	703.39	3.082343e+05	2.991772e+01	6.420118e+00	504.04	71.146103	4542	2.346e-02
300kHz_150dA_100Mss_bobN1C10061.txt	94.03	-46.28	200.65	9.36	57041.50	705.78	3.083021e+05	3.006660e+01	6.414753e+00	486.93	68.324733	4541	2.357e-02
300kHz_150dA_100Mss_bobN1C10062.txt	94.54	-45.87	204.26	9.49	57041.50	705.22	3.082343e+05	3.008135e+01	6.417434e+00	496.92	69.733739	4542	2.356e-02
300kHz_150dA_100Mss_bobN1C10063.txt	95.05	-45.42	202.51	9.30	57041.50	713.75	3.082343e+05	3.037128e+01	6.413480e+00	487.02	67.656547	4542	2.385e-02
300kHz_150dA_100Mss_bobN1C10064.txt	95.56	-44.66	201.05	9.24	57041.50	711.63	3.083021e+05	3.024863e+01	6.415482e+00	492.57	68.708182	4541	2.375e-02
300kHz_150dA_100Mss_bobN1C10065.txt	96.06	-43.90	203.88	9.39	57041.50	705.93	3.083021e+05	3.012616e+01	6.415077e+00	489.09	68.495457	4541	2.394e-02
300kHz_150dA_100Mss_bobN1C10066.txt	96.56	-43.10	202.98	9.19	57041.50	714.71	3.083021e+05	3.038198e+01	6.413251e+00	486.45	67.536378	4541	2.415e-02
300kHz_150dA_100Mss_bobN1C10067.txt	97.07	-42.31	205.11	9.35	57041.50	710.09	3.083021e+05	3.029638e+01	6.415012e+00	491.61	68.461758	4541	2.402e-02
300kHz_150dA_100Mss_bobN1C10068.txt	97.58	-41.65	204.46	9.08	57041.50	721.41	3.082343e+05	3.066864e+01	6.411726e+00	485.21	66.736137	4542	2.471e-02
300kHz_150dA_100Mss_bobN1C10069.txt	98.08	-40.99	205.67	9.18	57041.50	720.20	3.083021e+05	3.068150e+01	6.413954e+00	493.89	67.906073	4541	2.449e-02
300kHz_150dA_100Mss_bobN1C10070.txt	98.6	-40.26	209.10	9.32	57041.50	715.48	3.082343e+05	3.056117e+01	6.414148e+00	492.56	68.008103	4542	2.473e-02
300kHz_150dA_100Mss_bobN1C10071.txt	99.1	-39.58	206.77	9.16	57041.50	719.90	3.082343e+05	3.076817e+01	6.412769e+00	490.71	67.283827	4542	2.485e-02
300kHz_150dA_100Mss_bobN1C10072.txt	99.62	-38.96	209.11	9.22	57041.50	719.90	3.082343e+05	3.081033e+01	6.413222e+00	493.09	67.522025	4542	2.496e-02
300kHz_150dA_100Mss_bobN1C10073.txt	100.13	-38.34	209.47	9.08	57041.50	723.28	3.083021e+05	3.091805e+01	6.409880e+00	482.27	65.766865	4541	2.546e-02
300kHz_150dA_100Mss_bobN1C10074.txt	100.64	-37.73	208.44	9.01	57041.50	724.34	3.083021e+05	3.101691e+01	6.408626e+00	479.05	65.108497	4541	2.560e-02
300kHz_150dA_100Mss_bobN1C10075.txt	101.14	-37.15	212.78	9.12	57041.50	729.52	3.083021e+05	3.127759e+01	6.408717e+00	483.43	65.157201	4541	2.593e-02
300kHz_150dA_100Mss_bobN1C10076.txt	102.12	-36.06	217.92	9.21	57041.50	722.74	3.083021e+05	3.106760e+01	6.413154e+00	497.06	67.485667	4541	2.632e-02
300kHz_150dA_100Mss_bobN1C10077.txt	102.69	-35.37	218.00	9.11	57041.50	735.95	3.083021e+05	3.156935e+01	6.411535e+00	498.83	66.635976	4541	2.664e-02
300kHz_150dA_100Mss_bobN1C10078.txt	103.19	-34.79	219.85	9.04	57041.50	736.32	3.083021e+05	3.162183e+01	6.408882e+00	489.38	65.243215	4541	2.723e-02
300kHz_150dA_100Mss_bobN1C10079.txt	103.69	-34.24	221.96	9.00	57041.50	734.90	3.083021e+05	3.163864e+01	6.406292e+00	479.61	63.884644	4541	2.774e-02
300kHz_150dA_100Mss_bobN1C10080.txt	104.2	-33.68	226.33	9.16	57041.50	735.68	3.082343e+05	3.164499e+01	6.411163e+00	498.47	66.440548	4542	2.779e-02
300kHz_150dA_100Mss_bobN1C10081.txt	104.71	-33.12	224.59	9.08	57041.50	739.88	3.083021e+05	3.184530e+01	6.409605e+00	495.66	65.623032	4541	2.786e-02
300kHz_150dA_100Mss_bobN1C10082.txt	105.21	-32.59	231.76	9.06	57041.50	763.61	3.083021e+05	3.287229e+01	6.406406e+00	498.77	63.944983	4541	2.903e-02
300kHz_150dA_100Mss_bobN1C10083.txt	105.76	-32.04	235.42	9.06	57041.50	763.68	3.083021e+05	3.281661e+01	6.407923e+00	504.02	64.740810	4541	2.943e-02
300kHz_150dA_100Mss_bobN1C10084.txt	106.25	-31.55	236.36	9.10	57041.50	756.26	3.083021e+05	3.264521e+01	6.407287e+00	498.85	64.407052	4541	2.958e-02
300kHz_150dA_100Mss_bobN1C10085.txt	106.75	-31.05	240.50	9.24	57041.50	752.68	3.083021e+05	3.259297e+01	6.409265e+00	505.94	65.443933	4541	2.970e-02
300kHz_150dA_100Mss_bobN1C10086.txt	107.25	-30.55	242.76	9.24	57041.50	754.16	3.083021e+05	3.257852e+01	6.410064e+00	508.91	65.863883	4541	2.997e-02
300kHz_150dA_100Mss_bobN1C10087.txt	107.77	-30.03	245.65	9.15	57041.50	756.97	3.082343e+05	3.271474e+01	6.407520e+00	500.73	64.529111	4542	3.085e-02
300kHz_150dA_100Mss_bobN1C10088.txt	108.28	-29.55	249.35	9.26	57041.50	764.76	3.083021e+05	3.306455e+01	6.410238e+00	517.20	65.955422	4541	3.085e-02
300kHz_150dA_100Mss_bobN1C10089.txt	108.79	-29.09	250.69	9.17	57041.50	762.33	3.083021e+05	3.295413e+01	6.408055e+00	506.66	64.809117	4541	3.140e-02
300kHz_150dA_100Mss_bobN1C10090.txt	109.3	-28.57	254.76	9.33	57041.50	762.30	3.082343e+05	3.302833e+01	6.411060e+00	519.85	66.386756	4542	3.150e-02
300kHz_150dA_100Mss_bobN1C10091.txt	109.79	-28.03	254.52	9.25	57041.50	765.16	3.083021e+05	3.321834e+01	6.409421e+00	516.29	65.526660	4541	3.180e-02
300kHz_150dA_100Mss_bobN1C10092.txt	110.28	-27.58	259.57	9.33	57041.50	762.32	3.083021e+05	3.312162e+01	6.410467e+00	519.03	66.075785	4541	3.211e-02
300kHz_150dA_100Mss_bobN1C10093.txt	110.79	-27.17	262.90	9.24	57041.50	778.28	3.082343e+05	3.384244e+01	6.408689e+00	522.84	65.142344	4542	3.308e-02
300kHz_150dA_100Mss_bobN1C10094.txt	111.28	-26.75	264.50	9.37	57041.50	771.14	3.082343e+05	3.351755e+01	6.411506e+00	529.38	66.621362	4542	3.283e-02
300kHz_150dA_100Mss_bobN1C10095.txt	112.28	-25.71	272.65	9.27	57041.50	790.91	3.083021e+05	3.440576e+01	6.407527e+00	526.76	64.532895	4541	3.433e-02
300kHz_150dA_100Mss_bobN1C10096.txt	112.78	-25.01	275.32	9.30	57041.50	785.44	3.083021e+05	3.420233e+01	6.408436e+00	527.45	65.009249	4541	3.467e-02
300kHz_150dA_100Mss_bobN1C10097.txt	113.28	-24.45	276.51	9.33	57041.50	780.67	3.083021e+05	3.409148e+01	6.409570e+00	530.48	65.604665	4541	3.479e-02
300kHz_150dA_100Mss_bobN1C10098.txt	113.78	-24.00	284.65	9.46	57041.50	786.48	3.083021e+05	3.438859e+01	6.410273e+00	538.06	65.973955	4541	3.586e-02
300kHz_150dA_100Mss_bobN1C10099.txt	114.27	-23.48	286.31	9.37	57041.50	791.38	3.083021e+05	3.455787e+01	6.409065e+00	535.60	65.339766	4541	3.612e-02
300kHz_150dA_100Mss_bobN1C10100.txt	114.78	-22.86	291.42	9.46	57041.50	793.12	3.082343e+05	3.471960e+01	6.411283e+00	547.41	66.503219	4542	3.648e-02
300kHz_150dA_100Mss_bobN1C10101.txt	115.29	-22.48	294.81	9.45	57041.50	793.46	3.082343e+05	3.468994e+01	6.410926e+00	545.43	66.316064	4542	3.722e-02
300kHz_150dA_100Mss_bobN1C10102.txt	115.81	-22.28	297.30	9.45	57041.50	797.53	3.083021e+05	3.492679e+01	6.409913e+00	544.94	65.783976	4541	3.747e-02
300kHz_150dA_100Mss_bobN1C10103.txt	116.31	-21.98	298.87	9.46	57041.50	799.90	3.083021e+05	3.502983e+01	6.410084e+00	547.28	65.873848	4541	3.762e-02
300kHz_150dA_100Mss_bobN1C10104.txt	116.8	-21.64	302.56	9.43	57041.50	796.47	3.083021e+05	3.501763e+01	6.407395e+00	535.56	64.462778	4541	3.890e-02
300kHz_150dA_100Mss_bobN1C10105.txt	117.3	-21.26	306.93	9.49	57041.50	804.50	3.082343e+05	3.527742e+01	6.410763e+00	553.96	66.229902	4542	3.876e-02
300kHz_150dA_100Mss_bobN1C10106.txt	117.79	-20.87	309.66	9.50	57041.50	805.71	3.083021e+05	3.542149e+01	6.410704e+00	556.09	66.198532	4541	3.952e-02
300kHz_150dA_100Mss_bobN1C10107.txt	118.28	-20.48	314.14	9.61	57041.50	807.75	3.083021e+05	3.551956e+01	6.411350e+00	560.44	66.537931	4541	3.974e-02
300kHz_150dA_100Mss_bobN1C10108.txt	118.81	-20.05	316.59	9.63	57041.50	806.08	3.082343e+05	3.538221e+01	6.413483e+00	567.39	67.658625	4542	4.000e-02
300kHz_150dA_100Mss_bobN1C10109.txt	119.32	-19.68	320.08	9.65	57041.50	811.86	3.083021e+05	3.566244e+01	6.412973e+00	569.78	67.390645	4541	4.035e-02
300kHz_150dA_100Mss_bobN1C10110.txt	119.82	-19.33	320.31	9.64	57041.50	807.23	3.083021e+05	3.551484e+01	6.413338e+00	569.01	67.582280	4541	4.038e-02
300kHz_150dA_100Mss_bobN1C10111.txt	120.33	-19.00	321.28	9.65	57041.50	806.05	3.083021e+05	3.548925e+01	6.413926e+00	571.15	67.890894	4541	4.067e-02
300kHz_150dA_100Mss_bobN1C10112.txt	120.82	-18.71	325.31	9.67	57041.50	810.46	3.082343e+05	3.570155e+01	6.413859e+00	574.15	67.855918	4542	4.120e-02
300kHz_150dA_100Mss_bobN1C10113.txt	121.31	-18.35	328.46	9.62	57041.50	821.33	3.083021e+05	3.612812e+01	6.411738e+00	571.76	66.741937	4541	4.178e-02
300kHz_150dA_100Mss_bobN1C10114.txt	122.31	-17.61	335.07	9.76	57041.50	816.40	3.083021e+05	3.608545e+01	6.413774e+00	580.08	67.811031	4541	4.266e-02
300kHz_150dA_100Mss_bobN1C10115.txt	122.82	-17.31	337.55	9.74	57041.50	822.75	3.082343e+05	3.634520e+01	6.413467e+00	582.76	67.649684	4542	4.310e-02
300kHz_150dA_100Mss_bobN1C10116.txt	123.33	-17.00	334.04	9.57	57041.50	826.09	3.083021e+05	3.648300e+01	6.409944e+00	569.36	65.799516	4541	4.304e-02
300kHz_150dA_100Mss_bobN1C10117.txt	123.9	-16.66	338.16	9.70	57041.50	821.38	3.082343e+05	3.630051e+01	6.414259e+00	585.56	68.065383	4542	4.317e-02
300kHz_150dA_100Mss_bobN1C10118.txt	124.39	-16.33	340.49	9.68	57041.50	830.61	3.083021e+05	3.674386e+01	6.411696e+00	581.31	66.719140	4541	4.359e-02
300kHz_150dA_100Mss_bobN1C10119.txt	124.88	-15.98	345.22	9.75	57041.50	825.15	3.083021e+05	3.648234e+01	6.414997e+00	591.92	68.452882	4541	4.385e-02
300kHz_150dA_100Mss_bobN1C10120.txt	125.4	-15.82	348.97	9.82	57041.50	826.15	3.082343e+05	3.662213e+01	6.415378e+00	595.76	68.653265	4542	4.418e-02
300kHz_150dA_100Mss_bobN1C10121.txt	125.89	-15.72	349.32	9.79	57041.50	828.52	3.083021e+05	3.668212e+01	6.414358e+00	592.29	68.117273	4541	4.494e-02
300kHz_150dA_100Mss_bobN1C10122.txt	126.39	-15.47	351.02	9.79	57041.50	830.57	3.083021e+05	3.677608e+01	6.413710e+00	590.89	67.777089	4541	4.517e-02
300kHz_150dA_100Mss_bobN1C10123.txt	126.9	-15.16	350.39	9.79	57041.50	834.74	3.083021e+05	3.700663e+01	6.413040e+00	591.56	67.425248	4541	4.512e-02
300kHz_150dA_100Mss_bobN1C10124.txt	127.42	-14.93	354.02	9.84	57041.50	832.03	3.082343e+05	3.692519e+01	6.415045e+00	599.19	68.478510	4542	4.527e-02
300kHz_150dA_100Mss_bobN1C10125.txt	127.91	-14.74	356.47	9.83	57041.50	843.01	3.083021e+05	3.730033e+01	6.413844e+00	599.92	67.847451	4541	4.573e-02
300kHz_150dA_100Mss_bobN1C10126.txt	128.41	-14.50	360.10	9.87	57041.50	839.63	3.083021e+05	3.714947e+01	6.413874e+00	597.64	67.863425	4541	4.610e-02
300kHz_150dA_100Mss_bobN1C10127.txt	128.92	-14.24	358.85	9.80	57041.50	840.37	3.083021e+05	3.722468e+01	6.413937e+00	599.13	67.895963	4541	4.627e-02
300kHz_150dA_100Mss_bobN1C10128.txt	129.42	-14.07	359.64	9.87	57041.50	838.41	3.083021e+05	3.720849e+01	6.415040e+00	603.90	68.475907	4541	4.620e-02
300kHz_150dA_100Mss_bobN1C10129.txt	129.92	-13.92	359.66	9.96	57041.50	836.50	3.083021e+05	3.714601e+01	6.416605e+00	609.99	69.298531	4541	4.560e-02
300kHz_150dA_100Mss_bobN1C10130.txt	130.42	-13.65	362.44	9.92	57041.50	839.52	3.082343e+05	3.733861e+01	6.415007e+00	605.72	68.458762	4542	4.647e-02
300kHz_150dA_100Mss_bobN1C10131.txt	130.92	-13.35	365.87	10.04	57041.50	836.80	3.083021e+05	3.717971e+01	6.418022e+00	616.99	70.043759	4541	4.604e-02
300kHz_150dA_100Mss_bobN1C10132.txt	131.42	-13.13	364.61	9.99	57041.50	837.67	3.083021e+05	3.723450e+01	6.416461e+00	610.79	69.223043	4541	4.615e-02
300kHz_150dA_100Mss_bobN1C10133.txt	132.42	-12.77	363.68	9.84	57041.50	836.62	3.082343e+05	3.718487e+01	6.415461e+00	605.29	68.696948	4542	4.628e-02
300kHz_150dA_100Mss_bobN1C10134.txt	132.96	-12.61	368.76	9.87	57041.50	862.52	3.083021e+05	3.826088e+01	6.412511e+00	609.13	67.147421	4541	4.744e-02
300kHz_150dA_100Mss_bobN1C10135.txt	133.45	-12.42	366.81	9.85	57041.50	855.09	3.083021e+05	3.784813e+01	6.413558e+00	607.41	67.697082	4541	4.703e-02
300kHz_150dA_100Mss_bobN1C10136.txt	133.94	-12.22	367.25	9.95	57041.50	841.02	3.083021e+05	3.737355e+01	6.417177e+00	616.35	69.598763	4541	4.656e-02
300kHz_150dA_100Mss_bobN1C10137.txt	134.45	-12.07	368.60	10.01	57041.50	842.39	3.083021e+05	3.747133e+01	6.417352e+00	618.76	69.691108	4541	4.660e-02
300kHz_150dA_100Mss_bobN1C10138.txt	135.03	-11.89	365.22	9.89	57041.50	840.64	3.083021e+05	3.738284e+01	6.416655e+00	614.11	69.324283	4541	4.659e-02
300kHz_150dA_100Mss_bobN1C10139.txt	135.87	-11.64	367.47	9.89	57041.50	844.52	3.083021e+05	3.757636e+01	6.414732e+00	608.45	68.313558	4541	4.715e-02
300kHz_150dA_100Mss_bobN1C10140.txt	136.36	-11.42	366.60	9.88	57041.50	846.98	3.082343e+05	3.763383e+01	6.415373e+00	612.20	68.651055	4542	4.691e-02
300kHz_150dA_100Mss_bobN1C10141.txt	136.9	-11.15	366.62	9.93	57041.50	841.28	3.083021e+05	3.744445e+01	6.416514e+00	614.48	69.250581	4541	4.654e-02
300kHz_150dA_100Mss_bobN1C10142.txt	137.42	-10.97	367.30	9.88	57041.50	846.24	3.083021e+05	3.761029e+01	6.413878e+00	605.07	67.865587	4541	4.686e-02
300kHz_150dA_100Mss_bobN1C10143.txt	137.95	-10.82	365.78	9.90	57041.50	847.13	3.083021e+05	3.769833e+01	6.415604e+00	614.45	68.772095	4541	4.643e-02
300kHz_150dA_100Mss_bobN1C10144.txt	138.44	-10.76	367.30	9.92	57041.50	845.66	3.083021e+05	3.763667e+01	6.415874e+00	614.68	68.913811	4541	4.647e-02
300kHz_150dA_100Mss_bobN1C10145.txt	138.93	-10.71	366.09	9.95	57041.50	834.52	3.083021e+05	3.717305e+01	6.418211e+00	617.74	70.142770	4541	4.598e-02
300kHz_150dA_100Mss_bobN1C10146.txt	139.57	-10.42	362.77	9.85	57041.50	844.30	3.083021e+05	3.752186e+01	6.416120e+00	613.94	69.043337	4541	4.591e-02
300kHz_150dA_100Mss_bobN1C10147.txt	140.14	-10.16	361.32	9.83	57041.50	840.99	3.082343e+05	3.746047e+01	6.414677e+00	606.19	68.285087	4542	4.589e-02
300kHz_150dA_100Mss_bobN1C10148.txt	140.71	-9.99	362.87	9.81	57041.50	848.31	3.082343e+05	3.771467e+01	6.415045e+00	612.00	68.478326	4542	4.566e-02
300kHz_150dA_100Mss_bobN1C10149.txt	141.23	-9.85	362.80	9.73	57041.50	849.96	3.083021e+05	3.773159e+01	6.413942e+00	607.32	67.899035	4541	4.636e-02
300kHz_150dA_100Mss_bobN1C10150.txt	141.73	-9.75	363.40	9.79	57041.50	845.97	3.083021e+05	3.759499e+01	6.413469e+00	602.94	67.650835	4541	4.634e-02
300kHz_150dA_100Mss_bobN1C10151.txt	142.23	-9.65	359.76	9.73	57041.50	847.19	3.083021e+05	3.759242e+01	6.413619e+00	603.59	67.729913	4541	4.594e-02
300kHz_150dA_100Mss_bobN1C10152.txt	143.23	-9.43	358.09	9.76	57041.50	839.05	3.083021e+05	3.736751e+01	6.413969e+00	601.58	67.913319	4541	4.501e-02
300kHz_150dA_100Mss_bobN1C10153.txt	143.81	-9.26	354.90	9.62	57041.50	842.37	3.082343e+05	3.749777e+01	6.411240e+00	591.02	66.479631	4542	4.541e-02
300kHz_150dA_100Mss_bobN1C10154.txt	144.32	-9.14	353.79	9.61	57041.50	849.11	3.083021e+05	3.768408e+01	6.412177e+00	598.41	66.972214	4541	4.499e-02
300kHz_150dA_100Mss_bobN1C10155.txt	144.83	-9.03	352.74	9.56	57041.50	849.73	3.083021e+05	3.766553e+01	6.410684e+00	591.23	66.188489	4541	4.503e-02
300kHz_150dA_100Mss_bobN1C10156.txt	145.33	-8.93	352.56	9.59	57041.50	841.53	3.083021e+05	3.743298e+01	6.412067e+00	593.92	66.914316	4541	4.480e-02
300kHz_150dA_100Mss_bobN1C10157.txt	145.85	-8.83	351.44	9.56	57041.50	839.09	3.083021e+05	3.729315e+01	6.411597e+00	589.55	66.667590	4541	4.470e-02
300kHz_150dA_100Mss_bobN1C10158.txt	146.35	-8.66	349.39	9.57	57041.50	842.09	3.083021e+05	3.736239e+01	6.412740e+00	595.87	67.268094	4541	4.422e-02
300kHz_150dA_100Mss_bobN1C10159.txt	146.85	-8.46	350.16	9.53	57041.50	845.51	3.083021e+05	3.761403e+01	6.410313e+00	588.71	65.993707	4541	4.469e-02
300kHz_150dA_100Mss_bobN1C10160.txt	147.35	-8.40	348.13	9.56	57041.50	835.02	3.083021e+05	3.712090e+01	6.412584e+00	591.32	67.186223	4541	4.412e-02
300kHz_150dA_100Mss_bobN1C10161.txt	147.87	-8.40	348.03	9.53	57041.50	836.82	3.082343e+05	3.723334e+01	6.410983e+00	585.68	66.345755	4542	4.385e-02
300kHz_150dA_100Mss_bobN1C10162.txt	148.36	-8.29	347.79	9.50	57041.50	838.39	3.082343e+05	3.725182e+01	6.411236e+00	587.12	66.478171	4542	4.383e-02
300kHz_150dA_100Mss_bobN1C10163.txt	148.87	-8.14	343.59	9.41	57041.50	833.74	3.082343e+05	3.694122e+01	6.411834e+00	584.93	66.792202	4542	4.367e-02
300kHz_150dA_100Mss_bobN1C10164.txt	149.36	-8.03	347.04	9.48	57041.50	834.49	3.083021e+05	3.707618e+01	6.411189e+00	584.27	66.453220	4541	4.426e-02
300kHz_150dA_100Mss_bobN1C10165.txt	149.85	-7.93	345.49	9.50	57041.50	828.69	3.082343e+05	3.693754e+01	6.411585e+00	583.75	66.661486	4542	4.348e-02
300kHz_150dA_100Mss_bobN1C10166.txt	150.36	-7.86	341.68	9.32	57041.50	840.57	3.082343e+05	3.721359e+01	6.409150e+00	577.02	65.383595	4542	4.377e-02
300kHz_150dA_100Mss_bobN1C10167.txt	150.89	-7.81	342.95	9.38	57041.50	836.28	3.082343e+05	3.706338e+01	6.409140e+00	574.64	65.378706	4542	4.367e-02
300kHz_150dA_100Mss_bobN1C10168.txt	151.41	-7.72	341.58	9.35	57041.50	833.19	3.083021e+05	3.698638e+01	6.408268e+00	569.62	64.921027	4541	4.357e-02
300kHz_150dA_100Mss_bobN1C10169.txt	151.89	-7.62	338.89	9.32	57041.50	827.86	3.083021e+05	3.674739e+01	6.408899e+00	568.78	65.251870	4541	4.319e-02
300kHz_150dA_100Mss_bobN1C10170.txt	152.39	-7.56	336.06	9.30	57041.50	831.06	3.082343e+05	3.690569e+01	6.407851e+00	566.37	64.702494	4542	4.303e-02
300kHz_150dA_100Mss_bobN1C10171.txt	153.41	-7.42	335.92	9.30	57041.50	826.43	3.083021e+05	3.666513e+01	6.409096e+00	568.39	65.355520	4541	4.282e-02
300kHz_150dA_100Mss_bobN1C10172.txt	153.91	-7.32	336.76	9.33	57041.50	819.79	3.083021e+05	3.641138e+01	6.408227e+00	560.59	64.900170	4541	4.293e-02
300kHz_150dA_100Mss_bobN1C10173.txt	154.41	-7.18	333.89	9.22	57041.50	830.45	3.083021e+05	3.681506e+01	6.407039e+00	561.44	64.276593	4541	4.294e-02
300kHz_150dA_100Mss_bobN1C10174.txt	154.9	-7.03	333.92	9.10	57041.50	831.99	3.083021e+05	3.679872e+01	6.404782e+00	551.02	63.093380	4541	4.358e-02
300kHz_150dA_100Mss_bobN1C10175.txt	155.4	-6.96	333.27	9.19	57041.50	824.86	3.082343e+05	3.659588e+01	6.405939e+00	553.05	63.699874	4542	4.307e-02
300kHz_150dA_100Mss_bobN1C10176.txt	155.9	-6.91	332.94	9.20	57041.50	821.48	3.083021e+05	3.647934e+01	6.406205e+00	552.60	63.839133	4541	4.295e-02
300kHz_150dA_100Mss_bobN1C10177.txt	156.42	-6.82	331.34	9.17	57041.50	830.48	3.083021e+05	3.676281e+01	6.406352e+00	557.55	63.916849	4541	4.273e-02
300kHz_150dA_100Mss_bobN1C10178.txt	156.94	-6.71	329.23	9.15	57041.50	821.75	3.083021e+05	3.648205e+01	6.405566e+00	549.78	63.504678	4541	4.255e-02
300kHz_150dA_100Mss_bobN1C10179.txt	157.44	-6.52	328.74	9.12	57041.50	820.48	3.083021e+05	3.639006e+01	6.404906e+00	545.45	63.158680	4541	4.253e-02
300kHz_150dA_100Mss_bobN1C10180.txt	157.93	-6.33	327.68	9.08	57041.50	819.21	3.083021e+05	3.638377e+01	6.404156e+00	542.01	62.765151	4541	4.276e-02
300kHz_150dA_100Mss_bobN1C10181.txt	158.44	-6.17	325.97	9.05	57041.50	833.84	3.083021e+05	3.689809e+01	6.403752e+00	547.85	62.554004	4541	4.257e-02
300kHz_150dA_100Mss_bobN1C10182.txt	158.95	-6.02	325.46	9.05	57041.50	818.89	3.083021e+05	3.624457e+01	6.405870e+00	547.56	63.664238	4541	4.243e-02
300kHz_150dA_100Mss_bobN1C10183.txt	159.47	-5.91	325.43	9.07	57041.50	821.45	3.083021e+05	3.639197e+01	6.404865e+00	545.30	63.137253	4541	4.237e-02
300kHz_150dA_100Mss_bobN1C10184.txt	159.98	-5.80	324.27	9.04	57041.50	818.38	3.083021e+05	3.631788e+01	6.403123e+00	536.44	62.224257	4541	4.230e-02
300kHz_150dA_100Mss_bobN1C10185.txt	160.48	-5.70	323.35	9.00	57041.50	816.99	3.082343e+05	3.626024e+01	6.403065e+00	535.21	62.193827	4542	4.262e-02
300kHz_150dA_100Mss_bobN1C10186.txt	161.01	-5.60	324.08	9.06	57041.50	815.40	3.083021e+05	3.621888e+01	6.402800e+00	533.54	62.055557	4541	4.232e-02
300kHz_150dA_100Mss_bobN1C10187.txt	161.5	-5.50	321.19	9.02	57041.50	814.99	3.082343e+05	3.617366e+01	6.403988e+00	538.02	62.677737	4542	4.211e-02
300kHz_150dA_100Mss_bobN1C10188.txt	162.01	-5.40	321.96	9.01	57041.50	809.40	3.083021e+05	3.595377e+01	6.403972e+00	534.80	62.668705	4541	4.214e-02
300kHz_150dA_100Mss_bobN1C10189.txt	162.52	-5.24	320.41	9.00	57041.50	804.53	3.083021e+05	3.574325e+01	6.404573e+00	534.30	62.983339	4541	4.193e-02
300kHz_150dA_100Mss_bobN1C10190.txt	163.56	-4.65	316.62	8.82	57041.50	809.25	3.083021e+05	3.590639e+01	6.400663e+00	519.53	60.935168	4541	4.245e-02
300kHz_150dA_100Mss_bobN1C10191.txt	164.13	-4.14	317.13	8.86	57041.50	809.88	3.083021e+05	3.595880e+01	6.400774e+00	520.78	60.993588	4541	4.222e-02
300kHz_150dA_100Mss_bobN1C10192.txt	164.66	-3.51	316.64	8.98	57041.50	803.70	3.082343e+05	3.575055e+01	6.403183e+00	528.20	62.256164	4542	4.159e-02
300kHz_150dA_100Mss_bobN1C10193.txt	165.16	-2.92	315.07	8.81	57041.50	813.93	3.083021e+05	3.599115e+01	6.401069e+00	522.55	61.148317	4541	4.190e-02
300kHz_150dA_100Mss_bobN1C10194.txt	165.68	-2.35	316.43	8.86	57041.50	811.29	3.083021e+05	3.596844e+01	6.400647e+00	520.36	60.927338	4541	4.209e-02
300kHz_150dA_100Mss_bobN1C10195.txt	166.19	-1.91	315.38	8.88	57041.50	803.93	3.083021e+05	3.568890e+01	6.401947e+00	522.00	61.608260	4541	4.180e-02
300kHz_150dA_100Mss_bobN1C10196.txt	166.71	-1.64	313.63	8.76	57041.50	809.08	3.083021e+05	3.584327e+01	6.399951e+00	515.49	60.562730	4541	4.205e-02
300kHz_150dA_100Mss_bobN1C10197.txt	167.23	-1.20	312.23	8.76	57041.50	807.91	3.083021e+05	3.579902e+01	6.399934e+00	514.78	60.554115	4541	4.191e-02
300kHz_150dA_100Mss_bobN1C10198.txt	167.74	-0.54	309.61	8.78	57041.50	812.63	3.082343e+05	3.596811e+01	6.402118e+00	526.72	61.697958	4542	4.096e-02
300kHz_150dA_100Mss_bobN1C10199.txt	168.25	-0.05	309.98	8.71	57041.50	809.81	3.083021e+05	3.589714e+01	6.398093e+00	508.08	59.590459	4541	4.179e-02
300kHz_150dA_100Mss_bobN1C10200.txt	168.76	0.26	312.15	8.74	57041.50	804.45	3.083021e+05	3.558633e+01	6.400587e+00	514.57	60.895879	4541	4.181e-02
300kHz_150dA_100Mss_bobN1C10201.txt	169.27	0.70	309.41	8.67	57041.50	808.11	3.083021e+05	3.572645e+01	6.400091e+00	514.42	60.636669	4541	4.173e-02
300kHz_150dA_100Mss_bobN1C10202.txt	169.77	1.25	306.84	8.67	57041.50	806.22	3.082343e+05	3.567757e+01	6.399587e+00	511.40	60.372608	4542	4.115e-02
300kHz_150dA_100Mss_bobN1C10203.txt	170.29	1.67	309.21	8.69	57041.50	801.52	3.083021e+05	3.558309e+01	6.399719e+00	510.74	60.441467	4541	4.171e-02
300kHz_150dA_100Mss_bobN1C10204.txt	170.79	1.97	309.22	8.67	57041.50	804.18	3.083021e+05	3.566239e+01	6.398119e+00	504.87	59.603850	4541	4.189e-02
300kHz_150dA_100Mss_bobN1C10205.txt	171.31	2.32	305.79	8.61	57041.50	803.23	3.083021e+05	3.557531e+01	6.396596e+00	497.00	58.807704	4541	4.172e-02
300kHz_150dA_100Mss_bobN1C10206.txt	171.81	2.67	305.91	8.63	57041.50	798.96	3.083021e+05	3.544138e+01	6.398079e+00	501.57	59.583574	4541	4.159e-02
300kHz_150dA_100Mss_bobN1C10207.txt	172.31	3.08	303.41	8.49	57041.50	802.58	3.083021e+05	3.553923e+01	6.395130e+00	490.10	58.040831	4541	4.140e-02
300kHz_150dA_100Mss_bobN1C10208.txt	172.8	3.52	303.97	8.65	57041.50	792.53	3.083021e+05	3.521642e+01	6.396801e+00	492.87	58.915288	4541	4.126e-02
300kHz_150dA_100Mss_bobN1C10209.txt	173.83	4.36	300.86	8.48	57041.50	804.67	3.083021e+05	3.556618e+01	6.395356e+00	491.46	58.159220	4541	4.106e-02
300kHz_150dA_100Mss_bobN1C10210.txt	174.35	4.88	300.87	8.54	57041.50	799.19	3.082343e+05	3.539618e+01	6.397776e+00	499.51	59.425513	4542	4.087e-02
300kHz_150dA_100Mss_bobN1C10211.txt	174.86	5.45	300.76	8.51	57041.50	794.61	3.083021e+05	3.521536e+01	6.395687e+00	488.04	58.332201	4541	4.096e-02
300kHz_150dA_100Mss_bobN1C10212.txt	175.36	5.92	302.32	8.51	57041.50	796.20	3.083021e+05	3.528691e+01	6.395469e+00	488.09	58.218075	4541	4.123e-02
300kHz_150dA_100Mss_bobN1C10213.txt	175.87	6.38	301.39	8.51	57041.50	798.54	3.083021e+05	3.544040e+01	6.395109e+00	488.65	58.030062	4541	4.114e-02
300kHz_150dA_100Mss_bobN1C10214.txt	176.39	6.81	299.77	8.41	57041.50	800.19	3.083021e+05	3.542264e+01	6.393755e+00	482.52	57.322361	4541	4.136e-02
300kHz_150dA_100Mss_bobN1C10215.txt	176.9	7.22	298.18	8.44	57041.50	792.05	3.083021e+05	3.511262e+01	6.394592e+00	481.90	57.760023	4541	4.088e-02
300kHz_150dA_100Mss_bobN1C10216.txt	177.41	7.55	296.94	8.40	57041.50	795.27	3.083021e+05	3.527699e+01	6.393941e+00	481.34	57.419449	4541	4.098e-02
300kHz_150dA_100Mss_bobN1C10217.txt	177.91	7.85	299.14	8.48	57041.50	792.90	3.083021e+05	3.522871e+01	6.395640e+00	488.03	58.308084	4541	4.079e-02
300kHz_150dA_100Mss_bobN1C10218.txt	178.41	8.02	296.70	8.39	57041.50	793.28	3.083021e+05	3.510208e+01	6.395374e+00	485.12	58.169006	4541	4.084e-02
300kHz_150dA_100Mss_bobN1C10219.txt	178.92	8.18	296.45	8.36	57041.50	792.72	3.082343e+05	3.516423e+01	6.393395e+00	477.34	57.134335	4542	4.078e-02
300kHz_150dA_100Mss_bobN1C10220.txt	179.43	8.72	297.01	8.35	57041.50	794.32	3.082343e+05	3.519885e+01	6.394532e+00	482.72	57.728659	4542	4.086e-02
300kHz_150dA_100Mss_bobN1C10221.txt	179.93	9.32	298.99	8.37	57041.50	796.74	3.083021e+05	3.526125e+01	6.394469e+00	483.41	57.695377	4541	4.129e-02
300kHz_150dA_100Mss_bobN1C10222.txt	180.43	10.22	295.39	8.28	57041.50	803.35	3.083021e+05	3.551935e+01	6.392221e+00	477.15	56.520873	4541	4.081e-02
300kHz_150dA_100Mss_bobN1C10223.txt	180.95	11.20	295.74	8.22	57041.50	797.08	3.082343e+05	3.532775e+01	6.389973e+00	464.73	55.345920	4542	4.140e-02
300kHz_150dA_100Mss_bobN1C10224.txt	181.45	11.52	295.29	8.29	57041.50	795.92	3.083021e+05	3.524515e+01	6.392520e+00	474.76	56.677206	4541	4.076e-02
300kHz_150dA_100Mss_bobN1C10225.txt	181.95	11.77	294.63	8.26	57041.50	800.79	3.083021e+05	3.536411e+01	6.392473e+00	476.16	56.652451	4541	4.077e-02
300kHz_150dA_100Mss_bobN1C10226.txt	182.45	12.20	291.83	8.24	57041.50	792.67	3.082343e+05	3.513523e+01	6.392119e+00	471.45	56.467500	4542	4.054e-02
300kHz_150dA_100Mss_bobN1C10227.txt	182.95	12.65	293.91	8.20	57041.50	801.68	3.083021e+05	3.547200e+01	6.390615e+00	469.52	55.681640	4541	4.098e-02
300kHz_150dA_100Mss_bobN1C10228.txt	183.96	13.47	292.28	8.18	57041.50	799.81	3.082343e+05	3.537970e+01	6.391791e+00	473.31	56.296614	4542	4.091e-02
300kHz_150dA_100Mss_bobN1C10229.txt	184.45	14.08	290.00	8.14	57041.50	793.51	3.083021e+05	3.510260e+01	6.390680e+00	464.91	55.715779	4541	4.072e-02
300kHz_150dA_100Mss_bobN1C10230.txt	185.09	14.84	291.56	8.21	57041.50	793.75	3.083021e+05	3.516816e+01	6.391179e+00	467.94	55.976783	4541	4.054e-02
300kHz_150dA_100Mss_bobN1C10231.txt	185.58	15.03	291.41	8.22	57041.50	794.86	3.083021e+05	3.521617e+01	6.391405e+00	469.55	56.094551	4541	4.048e-02
300kHz_150dA_100Mss_bobN1C10232.txt	186.1	15.26	292.13	8.13	57041.50	796.45	3.082343e+05	3.532165e+01	6.389741e+00	463.64	55.225281	4542	4.114e-02
300kHz_150dA_100Mss_bobN1C10233.txt	186.59	15.55	291.59	8.05	57041.50	812.74	3.083021e+05	3.594543e+01	6.386901e+00	459.40	53.742375	4541	4.131e-02
300kHz_150dA_100Mss_bobN1C10234.txt	187.1	15.87	287.96	8.05	57041.50	803.89	3.083021e+05	3.561824e+01	6.387662e+00	458.55	54.140031	4541	4.090e-02
300kHz_150dA_100Mss_bobN1C10235.txt	187.59	16.21	288.42	7.99	57041.50	797.04	3.083021e+05	3.532882e+01	6.386876e+00	451.41	53.729497	4541	4.121e-02
300kHz_150dA_100Mss_bobN1C10236.txt	188.12	16.57	289.24	7.99	57041.50	813.34	3.082343e+05	3.591719e+01	6.387719e+00	462.54	54.169308	4542	4.144e-02
300kHz_150dA_100Mss_bobN1C10237.txt	188.62	16.87	289.95	8.01	57041.50	815.57	3.083021e+05	3.602584e+01	6.386655e+00	459.34	53.614553	4541	4.137e-02
300kHz_150dA_100Mss_bobN1C10238.txt	189.12	17.18	287.38	8.01	57041.50	799.40	3.082343e+05	3.535938e+01	6.388210e+00	457.49	54.426079	4542	4.112e-02
300kHz_150dA_100Mss_bobN1C10239.txt	189.65	17.56	287.99	8.04	57041.50	798.73	3.083021e+05	3.535489e+01	6.388227e+00	457.61	54.434862	4541	4.084e-02
300kHz_150dA_100Mss_bobN1C10240.txt	190.15	17.95	286.93	8.01	57041.50	798.42	3.083021e+05	3.533968e+01	6.387926e+00	456.11	54.277369	4541	4.090e-02
300kHz_150dA_100Mss_bobN1C10241.txt	190.67	18.47	287.18	7.97	57041.50	800.92	3.083021e+05	3.541868e+01	6.386569e+00	451.23	53.568953	4541	4.112e-02
300kHz_150dA_100Mss_bobN1C10242.txt	191.21	18.95	283.44	7.89	57041.50	803.99	3.083021e+05	3.547417e+01	6.386524e+00	451.74	53.545093	4541	4.100e-02
300kHz_150dA_100Mss_bobN1C10243.txt	191.73	19.31	283.33	7.84	57041.50	804.50	3.082343e+05	3.554289e+01	6.385549e+00	448.26	53.036495	4542	4.140e-02
300kHz_150dA_100Mss_bobN1C10244.txt	192.23	19.57	283.93	7.81	57041.50	802.11	3.083021e+05	3.539267e+01	6.384862e+00	443.48	52.678380	4541	4.156e-02
300kHz_150dA_100Mss_bobN1C10245.txt	192.74	19.72	283.24	7.84	57041.50	801.69	3.083021e+05	3.534848e+01	6.384679e+00	442.13	52.583094	4541	4.111e-02
300kHz_150dA_100Mss_bobN1C10246.txt	193.24	19.97	279.03	7.79	57041.50	801.92	3.083021e+05	3.539832e+01	6.384295e+00	441.08	52.382452	4541	4.086e-02
300kHz_150dA_100Mss_bobN1C10247.txt	194.27	20.72	279.52	7.81	57041.50	796.33	3.083021e+05	3.531028e+01	6.382205e+00	430.92	51.292636	4541	4.097e-02
300kHz_150dA_100Mss_bobN1C10248.txt	194.79	21.13	280.56	7.84	57041.50	795.53	3.083021e+05	3.520332e+01	6.385058e+00	441.95	52.780767	4541	4.085e-02
300kHz_150dA_100Mss_bobN1C10249.txt	195.3	21.51	280.65	7.83	57041.50	797.61	3.083021e+05	3.527369e+01	6.383795e+00	437.36	52.122569	4541	4.084e-02
300kHz_150dA_100Mss_bobN1C10250.txt	195.8	21.86	278.55	7.78	57041.50	799.19	3.083021e+05	3.529041e+01	6.383938e+00	438.19	52.196617	4541	4.086e-02
300kHz_150dA_100Mss_bobN1C10251.txt	196.31	22.19	278.75	7.76	57041.50	798.20	3.083021e+05	3.528072e+01	6.384059e+00	438.60	52.259640	4541	4.102e-02
300kHz_150dA_100Mss_bobN1C10252.txt	196.81	22.49	278.68	7.78	57041.50	796.76	3.083021e+05	3.530102e+01	6.382800e+00	433.39	51.603210	4541	4.096e-02
300kHz_150dA_100Mss_bobN1C10253.txt	197.33	22.83	278.45	7.70	57041.50	800.10	3.083021e+05	3.536009e+01	6.381079e+00	426.64	50.705868	4541	4.131e-02
300kHz_150dA_100Mss_bobN1C10254.txt	197.84	23.19	276.33	7.70	57041.50	794.01	3.083021e+05	3.510280e+01	6.382528e+00	429.78	51.461327	4541	4.089e-02
300kHz_150dA_100Mss_bobN1C10255.txt	198.34	23.57	278.95	7.70	57041.50	811.17	3.083021e+05	3.580413e+01	6.380948e+00	431.42	50.637571	4541	4.127e-02
300kHz_150dA_100Mss_bobN1C10256.txt	198.84	23.97	276.43	7.68	57041.50	802.73	3.083021e+05	3.539224e+01	6.382111e+00	431.51	51.244081	4541	4.103e-02
300kHz_150dA_100Mss_bobN1C10257.txt	199.33	24.17	277.01	7.69	57041.50	796.59	3.083021e+05	3.521037e+01	6.382245e+00	429.87	51.313266	4541	4.116e-02
300kHz_150dA_100Mss_bobN1C10258.txt	199.81	24.26	275.41	7.67	57041.50	800.17	3.083021e+05	3.525412e+01	6.380910e+00	424.63	50.617929	4541	4.086e-02
300kHz_150dA_100Mss_bobN1C10259.txt	200.34	24.54	274.22	7.69	57041.50	790.96	3.083021e+05	3.503877e+01	6.382023e+00	426.82	51.197512	4541	4.071e-02
300kHz_150dA_100Mss_bobN1C10260.txt	200.83	24.88	274.46	7.72	57041.50	793.82	3.083021e+05	3.511661e+01	6.382815e+00	431.19	51.610571	4541	4.053e-02
300kHz_150dA_100Mss_bobN1C10261.txt	201.34	25.17	274.77	7.61	57041.50	798.28	3.083021e+05	3.525862e+01	6.380695e+00	423.75	50.505274	4541	4.122e-02
300kHz_150dA_100Mss_bobN1C10262.txt	201.82	25.41	273.99	7.66	57041.50	801.21	3.083021e+05	3.540524e+01	6.381625e+00	429.56	50.990363	4541	4.074e-02
300kHz_150dA_100Mss_bobN1C10263.txt	202.31	25.69	275.72	7.61	57041.50	813.54	3.083021e+05	3.582082e+01	6.381195e+00	432.70	50.765795	4541	4.123e-02
300kHz_150dA_100Mss_bobN1C10264.txt	202.81	25.99	275.03	7.61	57041.50	803.18	3.083021e+05	3.543023e+01	6.381406e+00	428.91	50.875906	4541	4.112e-02
300kHz_150dA_100Mss_bobN1C10265.txt	203.31	26.26	273.44	7.61	57041.50	798.47	3.082343e+05	3.532790e+01	6.381111e+00	426.29	50.722166	4542	4.080e-02
300kHz_150dA_100Mss_bobN1C10266.txt	204.33	26.90	272.17	7.52	57041.50	799.41	3.082343e+05	3.526122e+01	6.380085e+00	421.04	50.186966	4542	4.092e-02
300kHz_150dA_100Mss_bobN1C10267.txt	204.84	27.36	270.23	7.53	57041.50	798.99	3.083021e+05	3.528670e+01	6.379420e+00	418.56	49.840535	4541	4.081e-02
300kHz_150dA_100Mss_bobN1C10268.txt	205.36	27.72	270.37	7.46	57041.50	807.52	3.083021e+05	3.561416e+01	6.378327e+00	417.66	49.271039	4541	4.088e-02
300kHz_150dA_100Mss_bobN1C10269.txt	205.86	28.02	268.97	7.51	57041.50	793.74	3.083021e+05	3.514383e+01	6.378777e+00	414.09	49.505582	4541	4.077e-02
300kHz_150dA_100Mss_bobN1C10270.txt	206.43	28.32	269.76	7.52	57041.50	798.70	3.083021e+05	3.532527e+01	6.378301e+00	414.16	49.257243	4541	4.053e-02
300kHz_150dA_100Mss_bobN1C10271.txt	206.93	28.57	270.18	7.50	57041.50	798.69	3.083021e+05	3.528483e+01	6.379248e+00	417.79	49.750930	4541	4.088e-02
300kHz_150dA_100Mss_bobN1C10272.txt	207.44	28.82	269.61	7.47	57041.50	802.17	3.083021e+05	3.534374e+01	6.378544e+00	415.43	49.384393	4541	4.105e-02
300kHz_150dA_100Mss_bobN1C10273.txt	207.93	29.07	268.01	7.45	57041.50	801.48	3.083021e+05	3.534224e+01	6.377840e+00	412.36	49.017823	4541	4.053e-02
300kHz_150dA_100Mss_bobN1C10274.txt	208.42	29.31	267.55	7.44	57041.50	797.66	3.083021e+05	3.519005e+01	6.378149e+00	411.92	49.178608	4541	4.049e-02
300kHz_150dA_100Mss_bobN1C10275.txt	208.94	29.57	265.75	7.41	57041.50	801.73	3.083021e+05	3.537713e+01	6.376710e+00	407.85	48.429022	4541	4.047e-02
300kHz_150dA_100Mss_bobN1C10276.txt	209.45	29.82	267.55	7.45	57041.50	803.36	3.083021e+05	3.544137e+01	6.377321e+00	411.25	48.747259	4541	4.045e-02
300kHz_150dA_100Mss_bobN1C10277.txt	209.95	30.07	268.48	7.47	57041.50	802.84	3.082343e+05	3.545397e+01	6.377166e+00	410.63	48.666348	4542	4.067e-02
300kHz_150dA_100Mss_bobN1C10278.txt	210.47	30.24	267.72	7.43	57041.50	804.01	3.083021e+05	3.544881e+01	6.378527e+00	416.59	49.375352	4541	4.060e-02
300kHz_150dA_100Mss_bobN1C10279.txt	210.98	30.39	265.90	7.35	57041.50	804.78	3.083021e+05	3.539503e+01	6.377345e+00	410.82	48.759536	4541	4.075e-02
300kHz_150dA_100Mss_bobN1C10280.txt	211.5	30.65	267.28	7.39	57041.50	804.67	3.083021e+05	3.538777e+01	6.376977e+00	409.13	48.568232	4541	4.079e-02
300kHz_150dA_100Mss_bobN1C10281.txt	212.02	30.91	263.23	7.37	57041.50	796.05	3.083021e+05	3.509098e+01	6.376372e+00	403.09	48.252868	4541	4.014e-02
300kHz_150dA_100Mss_bobN1C10282.txt	212.54	31.17	263.62	7.36	57041.50	790.96	3.083021e+05	3.489663e+01	6.376736e+00	402.42	48.442231	4541	4.035e-02
