# Configuracion:
# Concentracion g/m^3_=_14924.999999999998
# C_Vs_to_Am_M_A/Vsm_=_116720831517.84952
# pendiente_HvsI_1/m_=_3716.3
# ordenada_HvsI_A/m_=_1297.0
# frecuencia_ref_Hz_=_308258.8982971105
# 
Resultados:
# tau_s_=_(6.64+/-1.57)e+01
# dphi_rad_=_6.41+/-0.03
# SAR_W/g_=_520.69+/-67.51
# Hc_kA/m_=_9.40+/-1.57
# Mr_A/m_=_276.79+/-53.68
# Suceptibilidad_a_M=0_=_0.0354+/-0.0096
Nombre_archivo	Time_m_(s)	Temperatura_(ºC)	Mr_(A/m)	Hc_(kA/m)	Campo_max_(A/m)	Mag_max_(A/m)	f0	mag0	dphi0	SAR_(W/g)	Tau_(ns)	N	xi_M_0
300kHz_150dA_100Mss_bobN1C10008.txt	117.65	-190.46	234.61	14.99	57041.50	678.65	3.083021e+05	2.770030e+01	6.507878e+00	761.90	118.004745	4541	1.772e-02
300kHz_150dA_100Mss_bobN1C10009.txt	118.14	-185.31	242.36	15.23	57041.50	673.64	3.083021e+05	2.775024e+01	6.509603e+00	769.03	118.940701	4541	1.846e-02
300kHz_150dA_100Mss_bobN1C10010.txt	118.65	-179.13	236.29	15.04	57041.50	659.09	3.082343e+05	2.725863e+01	6.511140e+00	760.28	119.777472	4542	1.789e-02
300kHz_150dA_100Mss_bobN1C10011.txt	119.15	-173.04	237.10	15.10	57041.50	638.63	3.082343e+05	2.646580e+01	6.513138e+00	744.52	120.866281	4542	1.800e-02
300kHz_150dA_100Mss_bobN1C10012.txt	119.66	-166.72	233.92	15.08	57041.50	619.99	3.083021e+05	2.586155e+01	6.514365e+00	731.50	121.533812	4541	1.772e-02
300kHz_150dA_100Mss_bobN1C10013.txt	120.17	-160.48	232.44	14.81	57041.50	610.08	3.082343e+05	2.549941e+01	6.511165e+00	711.29	119.790642	4542	1.786e-02
300kHz_150dA_100Mss_bobN1C10014.txt	120.68	-154.41	226.07	14.78	57041.50	593.13	3.082343e+05	2.492639e+01	6.512814e+00	700.24	120.688996	4542	1.733e-02
300kHz_150dA_100Mss_bobN1C10015.txt	121.19	-148.57	228.17	14.42	57041.50	605.58	3.082343e+05	2.533111e+01	6.506656e+00	692.85	117.340326	4542	1.795e-02
300kHz_150dA_100Mss_bobN1C10017.txt	122.22	-138.03	222.68	14.12	57041.50	598.10	3.082343e+05	2.516781e+01	6.501220e+00	671.91	114.392962	4542	1.781e-02
300kHz_150dA_100Mss_bobN1C10018.txt	122.73	-133.69	220.13	14.03	57041.50	598.94	3.082343e+05	2.529410e+01	6.497135e+00	662.83	112.182196	4542	1.780e-02
300kHz_150dA_100Mss_bobN1C10019.txt	123.84	-125.77	216.73	13.61	57041.50	600.25	3.082343e+05	2.529409e+01	6.491980e+00	647.09	109.398801	4542	1.788e-02
300kHz_150dA_100Mss_bobN1C10020.txt	124.35	-122.43	215.37	13.43	57041.50	594.10	3.082343e+05	2.503216e+01	6.492345e+00	641.49	109.595392	4542	1.791e-02
300kHz_150dA_100Mss_bobN1C10021.txt	124.86	-119.11	212.50	13.21	57041.50	600.60	3.083021e+05	2.531125e+01	6.486224e+00	630.07	106.296728	4541	1.802e-02
300kHz_150dA_100Mss_bobN1C10022.txt	125.36	-115.86	208.70	12.94	57041.50	598.45	3.082343e+05	2.527083e+01	6.481091e+00	613.24	103.537277	4542	1.799e-02
300kHz_150dA_100Mss_bobN1C10023.txt	125.85	-112.68	208.69	12.94	57041.50	593.56	3.082343e+05	2.510064e+01	6.482101e+00	612.17	104.080297	4542	1.798e-02
300kHz_150dA_100Mss_bobN1C10024.txt	126.37	-109.44	207.08	12.75	57041.50	595.50	3.082343e+05	2.517181e+01	6.478879e+00	604.09	102.350308	4542	1.802e-02
300kHz_150dA_100Mss_bobN1C10025.txt	126.87	-106.39	206.73	12.58	57041.50	595.92	3.082343e+05	2.513120e+01	6.476485e+00	595.83	101.065618	4542	1.824e-02
300kHz_150dA_100Mss_bobN1C10026.txt	127.37	-103.56	202.49	12.49	57041.50	591.13	3.083021e+05	2.509126e+01	6.471915e+00	581.12	98.617521	4541	1.804e-02
300kHz_150dA_100Mss_bobN1C10027.txt	127.89	-100.70	201.43	12.27	57041.50	595.70	3.083021e+05	2.518480e+01	6.471937e+00	583.35	98.630123	4541	1.817e-02
300kHz_150dA_100Mss_bobN1C10028.txt	128.4	-98.14	200.42	12.13	57041.50	598.63	3.083021e+05	2.534935e+01	6.467751e+00	574.29	96.391642	4541	1.832e-02
300kHz_150dA_100Mss_bobN1C10029.txt	128.92	-95.59	200.69	11.89	57041.50	599.37	3.083021e+05	2.529833e+01	6.464244e+00	562.37	94.518509	4541	1.859e-02
300kHz_150dA_100Mss_bobN1C10030.txt	129.43	-93.18	198.45	11.78	57041.50	605.55	3.082343e+05	2.555045e+01	6.461791e+00	560.24	93.211224	4542	1.859e-02
300kHz_150dA_100Mss_bobN1C10031.txt	129.93	-90.83	199.63	11.78	57041.50	600.06	3.082343e+05	2.539716e+01	6.462503e+00	559.07	93.589683	4542	1.862e-02
300kHz_150dA_100Mss_bobN1C10032.txt	130.45	-89.56	198.00	11.62	57041.50	604.64	3.082343e+05	2.558838e+01	6.458894e+00	552.06	91.666648	4542	1.874e-02
300kHz_150dA_100Mss_bobN1C10033.txt	130.95	-88.51	197.16	11.50	57041.50	604.82	3.082343e+05	2.561576e+01	6.455840e+00	543.14	90.040926	4542	1.891e-02
300kHz_150dA_100Mss_bobN1C10034.txt	131.46	-86.51	197.09	11.54	57041.50	603.93	3.082343e+05	2.557639e+01	6.458365e+00	550.16	91.385983	4542	1.880e-02
300kHz_150dA_100Mss_bobN1C10035.txt	131.97	-84.42	197.62	11.36	57041.50	606.28	3.082343e+05	2.571269e+01	6.453819e+00	538.88	88.965993	4542	1.923e-02
300kHz_150dA_100Mss_bobN1C10036.txt	132.48	-82.57	196.07	11.23	57041.50	609.41	3.082343e+05	2.585735e+01	6.452828e+00	538.79	88.439406	4542	1.924e-02
300kHz_150dA_100Mss_bobN1C10037.txt	132.98	-80.77	197.97	11.17	57041.50	615.50	3.082343e+05	2.611819e+01	6.449392e+00	533.31	86.614507	4542	1.967e-02
300kHz_150dA_100Mss_bobN1C10038.txt	134.0	-77.30	195.07	10.83	57041.50	623.58	3.082343e+05	2.644818e+01	6.443986e+00	522.64	83.747395	4542	1.987e-02
300kHz_150dA_100Mss_bobN1C10039.txt	134.52	-75.64	195.18	10.85	57041.50	625.70	3.082343e+05	2.656882e+01	6.443328e+00	522.89	83.398886	4542	1.988e-02
300kHz_150dA_100Mss_bobN1C10040.txt	135.01	-74.06	194.69	10.79	57041.50	627.43	3.082343e+05	2.671291e+01	6.441959e+00	521.27	82.673862	4542	1.985e-02
300kHz_150dA_100Mss_bobN1C10041.txt	135.53	-71.71	195.69	10.72	57041.50	628.66	3.083021e+05	2.676745e+01	6.440701e+00	518.34	82.007972	4541	2.020e-02
300kHz_150dA_100Mss_bobN1C10042.txt	136.03	-69.52	195.12	10.70	57041.50	623.97	3.082343e+05	2.664387e+01	6.440569e+00	515.41	81.937322	4542	2.021e-02
300kHz_150dA_100Mss_bobN1C10043.txt	136.54	-68.25	194.36	10.53	57041.50	628.69	3.082343e+05	2.676063e+01	6.438993e+00	512.52	81.103984	4542	2.026e-02
300kHz_150dA_100Mss_bobN1C10044.txt	137.04	-67.00	195.56	10.56	57041.50	629.44	3.083021e+05	2.684202e+01	6.437164e+00	508.21	80.136487	4541	2.054e-02
300kHz_150dA_100Mss_bobN1C10045.txt	137.53	-65.77	197.02	10.61	57041.50	628.46	3.082343e+05	2.685678e+01	6.438218e+00	511.83	80.693469	4542	2.050e-02
300kHz_150dA_100Mss_bobN1C10046.txt	138.03	-64.53	197.17	10.73	57041.50	624.13	3.082343e+05	2.667454e+01	6.437961e+00	507.52	80.558583	4542	2.056e-02
300kHz_150dA_100Mss_bobN1C10047.txt	138.52	-63.35	194.71	10.28	57041.50	637.04	3.083021e+05	2.712221e+01	6.434308e+00	504.06	78.626745	4541	2.084e-02
300kHz_150dA_100Mss_bobN1C10048.txt	139.04	-62.11	197.96	10.53	57041.50	632.58	3.083021e+05	2.699638e+01	6.435428e+00	505.41	79.219264	4541	2.082e-02
300kHz_150dA_100Mss_bobN1C10049.txt	139.53	-61.03	195.65	10.12	57041.50	651.67	3.082343e+05	2.771799e+01	6.430414e+00	501.85	76.570978	4542	2.136e-02
300kHz_150dA_100Mss_bobN1C10050.txt	140.03	-59.93	197.71	10.26	57041.50	642.64	3.082343e+05	2.737925e+01	6.431233e+00	498.45	77.003065	4542	2.136e-02
300kHz_150dA_100Mss_bobN1C10051.txt	140.54	-58.81	195.19	10.25	57041.50	640.95	3.082343e+05	2.742352e+01	6.428621e+00	490.51	75.625087	4542	2.119e-02
300kHz_150dA_100Mss_bobN1C10052.txt	141.05	-57.70	195.11	9.92	57041.50	650.27	3.082343e+05	2.771208e+01	6.426088e+00	487.10	74.289338	4542	2.179e-02
300kHz_150dA_100Mss_bobN1C10053.txt	141.55	-56.75	195.80	10.09	57041.50	647.14	3.082343e+05	2.759076e+01	6.429455e+00	496.32	76.065248	4542	2.152e-02
300kHz_150dA_100Mss_bobN1C10054.txt	142.05	-55.80	194.62	9.86	57041.50	659.62	3.083021e+05	2.810336e+01	6.423759e+00	486.09	73.061984	4541	2.190e-02
300kHz_150dA_100Mss_bobN1C10055.txt	142.55	-54.85	197.20	9.98	57041.50	652.26	3.082343e+05	2.778099e+01	6.427304e+00	492.44	74.930797	4542	2.196e-02
300kHz_150dA_100Mss_bobN1C10056.txt	143.06	-53.90	194.05	9.78	57041.50	653.20	3.082343e+05	2.784071e+01	6.422818e+00	478.24	72.566528	4542	2.190e-02
300kHz_150dA_100Mss_bobN1C10057.txt	144.05	-52.21	195.83	9.71	57041.50	664.40	3.082343e+05	2.829484e+01	6.422304e+00	484.26	72.296715	4542	2.224e-02
300kHz_150dA_100Mss_bobN1C10058.txt	144.61	-51.20	197.54	9.72	57041.50	664.65	3.082343e+05	2.825105e+01	6.421396e+00	480.38	71.818915	4542	2.246e-02
300kHz_150dA_100Mss_bobN1C10059.txt	145.1	-50.34	197.04	9.75	57041.50	664.85	3.082343e+05	2.833711e+01	6.421663e+00	482.76	71.958946	4542	2.233e-02
300kHz_150dA_100Mss_bobN1C10060.txt	145.6	-49.54	194.30	9.49	57041.50	672.45	3.082343e+05	2.867347e+01	6.416203e+00	469.35	69.087129	4542	2.245e-02
300kHz_150dA_100Mss_bobN1C10061.txt	146.1	-48.74	194.99	9.56	57041.50	670.21	3.082343e+05	2.861418e+01	6.417335e+00	472.34	69.682298	4542	2.257e-02
300kHz_150dA_100Mss_bobN1C10062.txt	146.6	-47.94	196.69	9.66	57041.50	667.73	3.082343e+05	2.860950e+01	6.419241e+00	478.93	70.685178	4542	2.255e-02
300kHz_150dA_100Mss_bobN1C10063.txt	147.12	-47.12	192.30	9.35	57041.50	675.68	3.083021e+05	2.878974e+01	6.416821e+00	473.53	69.412217	4541	2.248e-02
300kHz_150dA_100Mss_bobN1C10064.txt	147.62	-46.37	197.21	9.52	57041.50	677.37	3.082343e+05	2.884934e+01	6.418563e+00	480.56	70.328346	4542	2.279e-02
300kHz_150dA_100Mss_bobN1C10065.txt	148.11	-45.67	197.72	9.35	57041.50	691.80	3.082343e+05	2.950649e+01	6.413032e+00	471.54	67.421688	4542	2.327e-02
300kHz_150dA_100Mss_bobN1C10066.txt	148.62	-45.06	198.05	9.34	57041.50	683.86	3.082343e+05	2.917527e+01	6.413534e+00	468.04	67.685105	4542	2.332e-02
300kHz_150dA_100Mss_bobN1C10067.txt	149.12	-44.50	197.00	9.41	57041.50	681.20	3.083021e+05	2.904786e+01	6.416285e+00	475.87	69.131509	4541	2.296e-02
300kHz_150dA_100Mss_bobN1C10068.txt	149.62	-44.10	196.99	9.29	57041.50	688.28	3.082343e+05	2.941469e+01	6.413140e+00	470.46	67.478556	4542	2.334e-02
300kHz_150dA_100Mss_bobN1C10069.txt	150.11	-43.66	198.39	9.45	57041.50	683.05	3.082343e+05	2.922394e+01	6.416730e+00	480.24	69.365327	4542	2.314e-02
300kHz_150dA_100Mss_bobN1C10070.txt	150.63	-42.98	195.98	9.11	57041.50	694.36	3.082343e+05	2.958123e+01	6.411685e+00	467.85	66.714416	4542	2.364e-02
300kHz_150dA_100Mss_bobN1C10071.txt	151.12	-42.36	198.63	9.11	57041.50	696.33	3.082343e+05	2.971401e+01	6.409906e+00	463.48	65.780544	4542	2.405e-02
300kHz_150dA_100Mss_bobN1C10072.txt	151.62	-41.76	199.04	9.23	57041.50	689.84	3.083021e+05	2.953563e+01	6.412124e+00	468.82	66.945346	4541	2.375e-02
300kHz_150dA_100Mss_bobN1C10073.txt	152.13	-41.16	199.69	9.12	57041.50	696.15	3.083021e+05	2.977700e+01	6.410566e+00	466.97	66.127289	4541	2.413e-02
300kHz_150dA_100Mss_bobN1C10074.txt	152.64	-40.60	202.16	9.08	57041.50	702.64	3.083021e+05	2.995558e+01	6.409636e+00	466.36	65.639033	4541	2.450e-02
300kHz_150dA_100Mss_bobN1C10075.txt	153.14	-39.88	206.74	9.33	57041.50	700.80	3.082343e+05	2.995741e+01	6.413179e+00	479.28	67.498936	4542	2.452e-02
300kHz_150dA_100Mss_bobN1C10076.txt	154.13	-37.77	207.26	9.07	57041.50	711.26	3.083021e+05	3.045544e+01	6.406393e+00	462.05	63.937899	4541	2.539e-02
300kHz_150dA_100Mss_bobN1C10077.txt	154.63	-37.27	206.18	8.96	57041.50	713.59	3.083021e+05	3.046896e+01	6.408020e+00	468.33	64.791498	4541	2.543e-02
300kHz_150dA_100Mss_bobN1C10078.txt	155.14	-36.75	207.57	8.93	57041.50	720.55	3.083021e+05	3.073682e+01	6.407552e+00	470.68	64.546262	4541	2.572e-02
300kHz_150dA_100Mss_bobN1C10079.txt	155.64	-36.20	211.17	9.07	57041.50	720.18	3.083021e+05	3.081255e+01	6.408925e+00	477.02	65.266424	4541	2.586e-02
300kHz_150dA_100Mss_bobN1C10080.txt	156.16	-35.64	208.65	8.86	57041.50	723.75	3.082343e+05	3.090497e+01	6.406307e+00	468.44	63.893686	4542	2.601e-02
300kHz_150dA_100Mss_bobN1C10081.txt	156.66	-35.14	213.17	9.04	57041.50	719.06	3.082343e+05	3.087174e+01	6.408250e+00	475.28	64.912303	4542	2.629e-02
300kHz_150dA_100Mss_bobN1C10082.txt	157.17	-34.80	215.37	8.99	57041.50	724.97	3.082343e+05	3.109963e+01	6.407552e+00	476.13	64.546193	4542	2.683e-02
300kHz_150dA_100Mss_bobN1C10083.txt	157.67	-34.80	219.76	9.01	57041.50	729.17	3.083021e+05	3.125213e+01	6.407168e+00	477.10	64.344692	4541	2.730e-02
300kHz_150dA_100Mss_bobN1C10084.txt	158.18	-34.48	219.00	8.95	57041.50	734.55	3.082343e+05	3.149699e+01	6.406260e+00	477.23	63.868802	4542	2.748e-02
300kHz_150dA_100Mss_bobN1C10085.txt	158.67	-33.59	220.40	8.92	57041.50	734.74	3.083021e+05	3.157256e+01	6.404598e+00	472.05	62.997522	4541	2.777e-02
300kHz_150dA_100Mss_bobN1C10086.txt	159.17	-33.00	222.79	8.98	57041.50	737.02	3.082343e+05	3.169124e+01	6.405854e+00	478.60	63.656318	4542	2.802e-02
300kHz_150dA_100Mss_bobN1C10087.txt	159.66	-33.00	226.66	8.96	57041.50	750.64	3.083021e+05	3.221278e+01	6.404470e+00	481.12	62.930630	4541	2.866e-02
300kHz_150dA_100Mss_bobN1C10088.txt	160.15	-32.85	227.38	9.00	57041.50	745.48	3.082343e+05	3.209267e+01	6.405861e+00	484.69	63.659999	4542	2.868e-02
300kHz_150dA_100Mss_bobN1C10089.txt	160.65	-32.35	232.24	8.98	57041.50	750.98	3.082343e+05	3.229541e+01	6.404577e+00	482.67	62.986682	4542	2.948e-02
300kHz_150dA_100Mss_bobN1C10090.txt	161.15	-31.86	235.81	9.11	57041.50	750.01	3.082343e+05	3.225318e+01	6.406554e+00	489.85	64.024050	4542	2.955e-02
300kHz_150dA_100Mss_bobN1C10091.txt	161.66	-31.41	238.67	9.14	57041.50	754.56	3.082343e+05	3.253771e+01	6.405405e+00	489.59	63.421452	4542	2.991e-02
300kHz_150dA_100Mss_bobN1C10092.txt	162.16	-30.97	240.34	9.19	57041.50	746.28	3.083021e+05	3.225405e+01	6.407279e+00	492.84	64.403571	4541	2.999e-02
300kHz_150dA_100Mss_bobN1C10093.txt	162.67	-30.56	240.69	9.16	57041.50	750.74	3.082343e+05	3.247221e+01	6.407330e+00	496.26	64.430408	4542	3.022e-02
300kHz_150dA_100Mss_bobN1C10094.txt	163.18	-30.14	243.64	9.17	57041.50	754.30	3.082343e+05	3.263676e+01	6.407741e+00	500.42	64.645890	4542	3.058e-02
300kHz_150dA_100Mss_bobN1C10095.txt	164.22	-29.22	250.77	9.19	57041.50	757.93	3.082343e+05	3.278350e+01	6.405676e+00	494.38	63.562941	4542	3.156e-02
300kHz_150dA_100Mss_bobN1C10096.txt	164.83	-28.74	253.85	9.24	57041.50	767.39	3.083021e+05	3.328302e+01	6.406152e+00	503.96	63.813035	4541	3.174e-02
300kHz_150dA_100Mss_bobN1C10097.txt	165.31	-28.17	257.19	9.12	57041.50	775.72	3.082343e+05	3.359923e+01	6.405280e+00	505.05	63.354827	4542	3.278e-02
300kHz_150dA_100Mss_bobN1C10098.txt	165.81	-27.47	260.94	9.28	57041.50	773.23	3.083021e+05	3.361139e+01	6.407435e+00	514.22	64.485121	4541	3.265e-02
300kHz_150dA_100Mss_bobN1C10099.txt	166.31	-26.95	264.89	9.32	57041.50	772.12	3.082343e+05	3.357121e+01	6.408796e+00	519.09	65.198921	4542	3.309e-02
300kHz_150dA_100Mss_bobN1C10100.txt	166.81	-26.55	266.57	9.25	57041.50	776.68	3.082343e+05	3.378515e+01	6.407379e+00	516.53	64.455083	4542	3.364e-02
300kHz_150dA_100Mss_bobN1C10101.txt	167.3	-26.16	271.25	9.18	57041.50	793.64	3.082343e+05	3.438125e+01	6.405258e+00	516.71	63.343464	4542	3.470e-02
300kHz_150dA_100Mss_bobN1C10102.txt	167.8	-25.76	273.78	9.28	57041.50	792.23	3.082343e+05	3.442275e+01	6.407817e+00	528.13	64.685360	4542	3.453e-02
300kHz_150dA_100Mss_bobN1C10103.txt	168.3	-25.39	273.54	9.21	57041.50	793.32	3.082343e+05	3.446858e+01	6.407225e+00	526.33	64.374479	4542	3.490e-02
300kHz_150dA_100Mss_bobN1C10104.txt	168.8	-25.04	278.46	9.30	57041.50	792.23	3.082343e+05	3.450006e+01	6.406844e+00	525.20	64.174966	4542	3.525e-02
300kHz_150dA_100Mss_bobN1C10105.txt	169.33	-24.60	282.16	9.29	57041.50	795.17	3.082343e+05	3.464068e+01	6.405272e+00	520.67	63.350910	4542	3.588e-02
300kHz_150dA_100Mss_bobN1C10106.txt	169.84	-24.14	281.43	9.34	57041.50	794.34	3.082343e+05	3.465616e+01	6.408142e+00	533.09	64.855583	4542	3.552e-02
300kHz_150dA_100Mss_bobN1C10107.txt	170.39	-23.73	286.46	9.32	57041.50	802.06	3.082343e+05	3.495239e+01	6.406796e+00	531.88	64.150322	4542	3.641e-02
300kHz_150dA_100Mss_bobN1C10108.txt	170.87	-23.39	287.45	9.31	57041.50	802.20	3.082343e+05	3.500370e+01	6.406518e+00	531.47	64.004383	4542	3.675e-02
300kHz_150dA_100Mss_bobN1C10109.txt	171.37	-23.00	291.52	9.35	57041.50	815.38	3.083021e+05	3.556292e+01	6.406911e+00	541.79	64.210242	4541	3.699e-02
300kHz_150dA_100Mss_bobN1C10110.txt	171.88	-22.60	294.17	9.41	57041.50	808.89	3.082343e+05	3.536372e+01	6.407398e+00	540.75	64.465505	4542	3.729e-02
300kHz_150dA_100Mss_bobN1C10111.txt	172.37	-22.28	297.52	9.40	57041.50	812.08	3.082343e+05	3.545729e+01	6.407551e+00	542.84	64.545932	4542	3.784e-02
300kHz_150dA_100Mss_bobN1C10112.txt	172.88	-21.97	299.34	9.44	57041.50	806.78	3.082343e+05	3.530370e+01	6.408643e+00	545.21	65.118803	4542	3.789e-02
300kHz_150dA_100Mss_bobN1C10113.txt	173.38	-21.60	302.91	9.42	57041.50	818.25	3.083021e+05	3.571972e+01	6.406400e+00	541.94	63.942472	4541	3.839e-02
300kHz_150dA_100Mss_bobN1C10114.txt	174.4	-20.82	306.18	9.45	57041.50	816.49	3.082343e+05	3.575043e+01	6.408398e+00	551.04	64.990168	4542	3.892e-02
300kHz_150dA_100Mss_bobN1C10115.txt	174.91	-20.46	307.59	9.34	57041.50	836.22	3.082343e+05	3.662201e+01	6.405001e+00	549.23	63.208702	4542	3.966e-02
300kHz_150dA_100Mss_bobN1C10116.txt	175.44	-20.09	309.85	9.44	57041.50	822.68	3.082343e+05	3.607687e+01	6.406868e+00	549.31	64.187715	4542	3.967e-02
300kHz_150dA_100Mss_bobN1C10117.txt	175.95	-19.74	316.03	9.55	57041.50	825.41	3.082343e+05	3.612978e+01	6.409782e+00	563.01	65.716565	4542	3.984e-02
300kHz_150dA_100Mss_bobN1C10118.txt	176.46	-19.42	316.58	9.54	57041.50	826.59	3.082343e+05	3.625867e+01	6.408253e+00	558.23	64.914108	4542	4.054e-02
300kHz_150dA_100Mss_bobN1C10119.txt	176.97	-19.12	318.42	9.44	57041.50	823.47	3.082343e+05	3.616628e+01	6.406647e+00	549.69	64.071407	4542	4.088e-02
300kHz_150dA_100Mss_bobN1C10120.txt	177.51	-18.74	322.68	9.54	57041.50	827.68	3.082343e+05	3.631866e+01	6.408584e+00	560.63	65.088009	4542	4.096e-02
300kHz_150dA_100Mss_bobN1C10121.txt	178.07	-18.35	326.08	9.63	57041.50	828.87	3.082343e+05	3.634957e+01	6.410760e+00	570.78	66.229713	4542	4.152e-02
300kHz_150dA_100Mss_bobN1C10122.txt	178.58	-17.99	326.43	9.55	57041.50	838.99	3.083021e+05	3.682304e+01	6.407826e+00	565.12	64.690181	4541	4.196e-02
300kHz_150dA_100Mss_bobN1C10123.txt	179.1	-17.64	327.28	9.54	57041.50	834.07	3.083021e+05	3.666265e+01	6.407694e+00	562.06	64.620944	4541	4.220e-02
300kHz_150dA_100Mss_bobN1C10124.txt	179.6	-17.34	331.20	9.59	57041.50	837.59	3.082343e+05	3.681276e+01	6.409760e+00	573.55	65.704916	4542	4.208e-02
300kHz_150dA_100Mss_bobN1C10125.txt	180.12	-17.02	331.25	9.57	57041.50	846.21	3.082343e+05	3.721549e+01	6.407826e+00	571.01	64.690192	4542	4.273e-02
300kHz_150dA_100Mss_bobN1C10126.txt	180.74	-16.58	336.30	9.61	57041.50	840.78	3.082343e+05	3.695358e+01	6.408471e+00	569.91	65.028423	4542	4.329e-02
300kHz_150dA_100Mss_bobN1C10127.txt	181.29	-16.31	337.66	9.65	57041.50	840.36	3.082343e+05	3.697261e+01	6.411068e+00	581.96	66.391433	4542	4.281e-02
300kHz_150dA_100Mss_bobN1C10128.txt	181.82	-16.15	342.17	9.74	57041.50	841.42	3.082343e+05	3.712870e+01	6.410874e+00	583.54	66.289245	4542	4.372e-02
300kHz_150dA_100Mss_bobN1C10129.txt	182.53	-15.78	344.66	9.74	57041.50	848.92	3.082343e+05	3.738071e+01	6.410106e+00	583.98	65.886662	4542	4.397e-02
300kHz_150dA_100Mss_bobN1C10130.txt	183.21	-15.39	344.04	9.72	57041.50	851.55	3.082343e+05	3.751524e+01	6.411629e+00	593.08	66.686166	4542	4.392e-02
300kHz_150dA_100Mss_bobN1C10131.txt	183.86	-15.07	347.33	9.70	57041.50	845.18	3.082343e+05	3.729434e+01	6.410062e+00	582.44	65.863287	4542	4.477e-02
300kHz_150dA_100Mss_bobN1C10132.txt	184.37	-14.89	348.12	9.64	57041.50	867.48	3.082343e+05	3.814773e+01	6.408062e+00	586.42	64.813792	4542	4.507e-02
300kHz_150dA_100Mss_bobN1C10133.txt	185.4	-14.50	352.50	9.77	57041.50	856.75	3.082343e+05	3.785372e+01	6.409646e+00	589.24	65.644538	4542	4.517e-02
300kHz_150dA_100Mss_bobN1C10134.txt	185.92	-14.24	352.37	9.71	57041.50	856.79	3.082343e+05	3.780009e+01	6.409721e+00	588.76	65.684227	4542	4.535e-02
300kHz_150dA_100Mss_bobN1C10135.txt	186.65	-13.68	354.18	9.79	57041.50	849.19	3.082343e+05	3.752851e+01	6.412372e+00	596.70	67.076258	4542	4.566e-02
300kHz_150dA_100Mss_bobN1C10136.txt	187.19	-13.32	357.32	9.82	57041.50	853.24	3.082343e+05	3.770351e+01	6.412266e+00	599.00	67.020452	4542	4.553e-02
300kHz_150dA_100Mss_bobN1C10137.txt	187.88	-13.05	356.72	9.85	57041.50	855.19	3.083021e+05	3.777057e+01	6.413089e+00	604.00	67.452655	4541	4.576e-02
300kHz_150dA_100Mss_bobN1C10138.txt	188.49	-12.80	359.35	9.89	57041.50	858.53	3.082343e+05	3.793030e+01	6.413026e+00	606.13	67.419358	4542	4.603e-02
300kHz_150dA_100Mss_bobN1C10139.txt	189.05	-12.58	359.99	9.86	57041.50	854.45	3.082343e+05	3.782431e+01	6.412538e+00	602.17	67.162496	4542	4.568e-02
300kHz_150dA_100Mss_bobN1C10140.txt	189.59	-12.42	356.46	9.79	57041.50	860.40	3.082343e+05	3.806365e+01	6.410255e+00	595.35	65.964655	4542	4.566e-02
300kHz_150dA_100Mss_bobN1C10141.txt	190.51	-12.15	359.17	9.81	57041.50	858.09	3.082343e+05	3.795041e+01	6.410937e+00	596.75	66.322675	4542	4.579e-02
300kHz_150dA_100Mss_bobN1C10142.txt	191.11	-11.97	358.37	9.81	57041.50	852.16	3.083021e+05	3.774408e+01	6.411240e+00	595.03	66.481272	4541	4.621e-02
300kHz_150dA_100Mss_bobN1C10143.txt	191.76	-11.77	360.45	9.79	57041.50	857.67	3.082343e+05	3.797789e+01	6.410553e+00	595.39	66.120497	4542	4.599e-02
300kHz_150dA_100Mss_bobN1C10144.txt	192.27	-11.65	360.26	9.81	57041.50	856.25	3.082343e+05	3.790000e+01	6.411208e+00	597.21	66.464863	4542	4.589e-02
300kHz_150dA_100Mss_bobN1C10145.txt	192.8	-11.54	359.58	9.83	57041.50	858.27	3.082343e+05	3.798844e+01	6.411958e+00	602.09	66.858469	4542	4.561e-02
300kHz_150dA_100Mss_bobN1C10146.txt	193.3	-11.41	361.94	9.84	57041.50	867.19	3.082343e+05	3.830496e+01	6.411659e+00	605.70	66.701497	4542	4.641e-02
300kHz_150dA_100Mss_bobN1C10147.txt	193.83	-11.25	356.18	9.80	57041.50	854.99	3.083021e+05	3.785366e+01	6.411823e+00	599.46	66.787539	4541	4.576e-02
300kHz_150dA_100Mss_bobN1C10148.txt	194.35	-11.13	356.84	9.78	57041.50	863.26	3.082343e+05	3.816056e+01	6.410828e+00	599.54	66.265751	4542	4.579e-02
300kHz_150dA_100Mss_bobN1C10149.txt	194.91	-11.02	358.23	9.78	57041.50	857.20	3.082343e+05	3.785716e+01	6.412630e+00	603.13	67.211994	4542	4.534e-02
300kHz_150dA_100Mss_bobN1C10150.txt	195.72	-10.78	357.46	9.81	57041.50	861.14	3.082343e+05	3.807912e+01	6.411306e+00	600.49	66.516714	4542	4.513e-02
300kHz_150dA_100Mss_bobN1C10151.txt	196.32	-10.64	353.76	9.69	57041.50	859.21	3.082343e+05	3.795872e+01	6.411226e+00	598.22	66.474285	4542	4.512e-02
300kHz_150dA_100Mss_bobN1C10152.txt	197.51	-10.30	354.18	9.70	57041.50	855.25	3.082343e+05	3.788444e+01	6.408821e+00	585.89	65.212423	4542	4.521e-02
300kHz_150dA_100Mss_bobN1C10153.txt	198.0	-10.10	352.22	9.66	57041.50	853.78	3.082343e+05	3.775128e+01	6.408544e+00	582.55	65.067313	4542	4.496e-02
300kHz_150dA_100Mss_bobN1C10154.txt	198.56	-9.99	353.14	9.63	57041.50	859.39	3.082343e+05	3.793684e+01	6.408723e+00	586.25	65.161015	4542	4.461e-02
300kHz_150dA_100Mss_bobN1C10155.txt	199.07	-9.89	349.65	9.58	57041.50	857.92	3.082343e+05	3.792996e+01	6.408518e+00	585.19	65.053388	4542	4.489e-02
300kHz_150dA_100Mss_bobN1C10156.txt	199.58	-9.78	351.92	9.54	57041.50	859.87	3.082343e+05	3.794862e+01	6.407511e+00	580.80	64.525068	4542	4.517e-02
300kHz_150dA_100Mss_bobN1C10157.txt	200.09	-9.67	347.57	9.52	57041.50	859.80	3.082343e+05	3.788900e+01	6.409310e+00	588.23	65.468567	4542	4.436e-02
300kHz_150dA_100Mss_bobN1C10158.txt	200.61	-9.52	348.11	9.60	57041.50	851.69	3.082343e+05	3.773169e+01	6.409063e+00	584.65	65.339393	4542	4.441e-02
300kHz_150dA_100Mss_bobN1C10159.txt	201.12	-9.38	346.44	9.45	57041.50	861.57	3.083021e+05	3.809429e+01	6.405593e+00	574.20	63.518933	4541	4.427e-02
300kHz_150dA_100Mss_bobN1C10160.txt	201.62	-9.28	346.63	9.51	57041.50	855.74	3.082343e+05	3.787377e+01	6.408499e+00	584.24	65.042926	4542	4.398e-02
300kHz_150dA_100Mss_bobN1C10161.txt	202.12	-9.18	343.89	9.42	57041.50	855.82	3.083021e+05	3.786049e+01	6.405801e+00	571.64	63.627889	4541	4.450e-02
300kHz_150dA_100Mss_bobN1C10162.txt	202.64	-9.07	344.36	9.44	57041.50	859.00	3.082343e+05	3.795285e+01	6.406997e+00	578.47	64.255385	4542	4.395e-02
300kHz_150dA_100Mss_bobN1C10163.txt	203.14	-8.96	345.00	9.50	57041.50	854.69	3.082343e+05	3.785361e+01	6.407094e+00	577.41	64.306604	4542	4.379e-02
300kHz_150dA_100Mss_bobN1C10164.txt	203.63	-8.81	343.71	9.43	57041.50	851.08	3.082343e+05	3.768691e+01	6.405555e+00	567.76	63.499281	4542	4.406e-02
300kHz_150dA_100Mss_bobN1C10165.txt	204.14	-8.67	343.03	9.46	57041.50	848.25	3.082343e+05	3.755442e+01	6.408123e+00	577.58	64.846009	4542	4.348e-02
300kHz_150dA_100Mss_bobN1C10166.txt	204.64	-8.57	342.40	9.36	57041.50	857.54	3.082343e+05	3.786466e+01	6.406266e+00	573.74	63.871796	4542	4.394e-02
300kHz_150dA_100Mss_bobN1C10167.txt	205.15	-8.48	340.01	9.41	57041.50	853.54	3.082343e+05	3.773000e+01	6.406750e+00	573.94	64.126445	4542	4.331e-02
300kHz_150dA_100Mss_bobN1C10168.txt	205.65	-8.44	339.85	9.35	57041.50	852.32	3.083021e+05	3.759445e+01	6.407459e+00	575.27	64.498141	4541	4.342e-02
300kHz_150dA_100Mss_bobN1C10169.txt	206.15	-8.37	337.25	9.27	57041.50	854.53	3.082343e+05	3.769189e+01	6.405663e+00	568.34	63.556308	4542	4.357e-02
300kHz_150dA_100Mss_bobN1C10170.txt	206.65	-8.27	336.71	9.27	57041.50	858.41	3.082343e+05	3.788619e+01	6.404147e+00	564.23	62.762193	4542	4.361e-02
300kHz_150dA_100Mss_bobN1C10171.txt	207.68	-8.06	333.72	9.23	57041.50	849.44	3.082343e+05	3.755028e+01	6.403453e+00	556.04	62.398389	4542	4.341e-02
300kHz_150dA_100Mss_bobN1C10172.txt	208.29	-7.97	336.11	9.28	57041.50	845.37	3.082343e+05	3.738146e+01	6.405089e+00	561.03	63.255282	4542	4.325e-02
300kHz_150dA_100Mss_bobN1C10173.txt	208.78	-7.92	334.60	9.16	57041.50	850.76	3.083021e+05	3.751109e+01	6.403316e+00	554.95	62.326359	4541	4.353e-02
300kHz_150dA_100Mss_bobN1C10174.txt	209.28	-7.82	333.63	9.20	57041.50	846.00	3.083021e+05	3.729639e+01	6.403474e+00	552.49	62.409423	4541	4.313e-02
300kHz_150dA_100Mss_bobN1C10175.txt	209.79	-7.66	330.93	9.11	57041.50	849.43	3.082343e+05	3.748074e+01	6.402100e+00	548.79	61.689155	4542	4.355e-02
300kHz_150dA_100Mss_bobN1C10176.txt	210.3	-7.54	330.25	9.18	57041.50	844.44	3.082343e+05	3.736822e+01	6.403169e+00	552.04	62.249448	4542	4.291e-02
300kHz_150dA_100Mss_bobN1C10177.txt	210.81	-7.44	331.20	9.17	57041.50	840.31	3.082343e+05	3.710597e+01	6.403508e+00	549.70	62.427190	4542	4.310e-02
300kHz_150dA_100Mss_bobN1C10178.txt	211.32	-7.34	329.62	9.13	57041.50	849.14	3.083021e+05	3.745844e+01	6.402745e+00	551.55	62.027614	4541	4.290e-02
300kHz_150dA_100Mss_bobN1C10179.txt	211.82	-7.24	327.42	9.05	57041.50	847.91	3.083021e+05	3.747884e+01	6.400033e+00	539.39	60.606969	4541	4.307e-02
300kHz_150dA_100Mss_bobN1C10180.txt	212.33	-7.13	329.56	9.07	57041.50	845.86	3.082343e+05	3.731287e+01	6.402724e+00	549.18	62.015941	4542	4.338e-02
300kHz_150dA_100Mss_bobN1C10181.txt	212.97	-7.01	324.64	8.98	57041.50	846.81	3.082343e+05	3.726486e+01	6.401881e+00	544.63	61.574676	4542	4.302e-02
300kHz_150dA_100Mss_bobN1C10182.txt	213.48	-6.90	325.33	9.06	57041.50	842.14	3.082343e+05	3.718302e+01	6.401603e+00	542.17	61.429145	4542	4.273e-02
300kHz_150dA_100Mss_bobN1C10183.txt	213.99	-6.80	325.18	9.01	57041.50	842.54	3.083021e+05	3.712066e+01	6.402116e+00	543.71	61.698213	4541	4.264e-02
300kHz_150dA_100Mss_bobN1C10184.txt	214.5	-6.75	325.38	8.96	57041.50	846.81	3.082343e+05	3.731137e+01	6.401552e+00	543.81	61.402269	4542	4.310e-02
300kHz_150dA_100Mss_bobN1C10185.txt	215.0	-6.70	323.46	9.07	57041.50	838.60	3.082343e+05	3.706282e+01	6.403618e+00	549.57	62.484971	4542	4.231e-02
300kHz_150dA_100Mss_bobN1C10186.txt	215.7	-6.56	317.93	8.91	57041.50	834.28	3.082343e+05	3.682007e+01	6.400965e+00	533.99	61.094782	4542	4.238e-02
300kHz_150dA_100Mss_bobN1C10187.txt	216.2	-6.40	320.23	8.90	57041.50	834.92	3.083021e+05	3.688612e+01	6.398437e+00	523.64	59.771801	4541	4.270e-02
300kHz_150dA_100Mss_bobN1C10188.txt	216.73	-6.14	319.26	8.88	57041.50	838.37	3.082343e+05	3.698413e+01	6.399114e+00	527.99	60.125831	4542	4.270e-02
300kHz_150dA_100Mss_bobN1C10189.txt	217.24	-5.95	318.12	8.82	57041.50	844.20	3.082343e+05	3.713251e+01	6.398845e+00	528.88	59.985426	4542	4.269e-02
300kHz_150dA_100Mss_bobN1C10190.txt	218.26	-5.51	316.48	8.72	57041.50	847.10	3.082343e+05	3.732231e+01	6.395946e+00	518.32	58.468498	4542	4.266e-02
300kHz_150dA_100Mss_bobN1C10191.txt	218.75	-4.97	315.68	8.75	57041.50	848.21	3.082343e+05	3.730353e+01	6.397132e+00	523.48	59.089548	4542	4.234e-02
300kHz_150dA_100Mss_bobN1C10192.txt	219.26	-4.57	312.94	8.76	57041.50	832.58	3.082343e+05	3.673591e+01	6.397342e+00	516.46	59.198746	4542	4.193e-02
300kHz_150dA_100Mss_bobN1C10193.txt	219.77	-4.31	315.31	8.82	57041.50	832.44	3.082343e+05	3.674870e+01	6.398257e+00	520.76	59.677660	4542	4.234e-02
300kHz_150dA_100Mss_bobN1C10194.txt	220.27	-4.06	313.74	8.71	57041.50	833.91	3.083021e+05	3.676604e+01	6.395976e+00	510.84	58.483781	4541	4.255e-02
300kHz_150dA_100Mss_bobN1C10195.txt	220.77	-3.81	314.28	8.75	57041.50	841.23	3.082343e+05	3.708868e+01	6.397282e+00	521.15	59.167601	4542	4.206e-02
300kHz_150dA_100Mss_bobN1C10196.txt	221.29	-3.29	313.09	8.78	57041.50	834.13	3.082343e+05	3.680830e+01	6.398045e+00	520.65	59.567057	4542	4.168e-02
300kHz_150dA_100Mss_bobN1C10197.txt	221.8	-2.58	312.78	8.61	57041.50	852.10	3.083021e+05	3.741474e+01	6.394001e+00	510.79	57.451761	4541	4.239e-02
300kHz_150dA_100Mss_bobN1C10198.txt	222.44	-2.12	313.29	8.72	57041.50	845.13	3.083021e+05	3.718838e+01	6.396305e+00	518.21	58.656782	4541	4.235e-02
300kHz_150dA_100Mss_bobN1C10199.txt	222.96	-1.92	310.15	8.65	57041.50	842.02	3.082343e+05	3.709778e+01	6.395598e+00	513.61	58.287005	4542	4.184e-02
300kHz_150dA_100Mss_bobN1C10200.txt	223.5	-0.80	307.81	8.59	57041.50	835.54	3.082343e+05	3.681622e+01	6.394530e+00	504.89	57.728405	4542	4.183e-02
300kHz_150dA_100Mss_bobN1C10201.txt	224.0	0.30	307.73	8.65	57041.50	825.81	3.082343e+05	3.648231e+01	6.396326e+00	508.35	58.668099	4542	4.159e-02
300kHz_150dA_100Mss_bobN1C10202.txt	224.68	0.98	307.37	8.66	57041.50	828.89	3.083021e+05	3.658119e+01	6.395743e+00	507.22	58.363058	4541	4.134e-02
300kHz_150dA_100Mss_bobN1C10203.txt	225.17	1.42	305.39	8.60	57041.50	835.54	3.082343e+05	3.682870e+01	6.395295e+00	508.52	58.129064	4542	4.144e-02
300kHz_150dA_100Mss_bobN1C10204.txt	225.71	1.80	306.46	8.64	57041.50	822.75	3.082343e+05	3.631794e+01	6.396394e+00	506.36	58.703507	4542	4.131e-02
300kHz_150dA_100Mss_bobN1C10205.txt	226.36	2.29	304.71	8.59	57041.50	823.08	3.082343e+05	3.636108e+01	6.394642e+00	499.15	57.787155	4542	4.145e-02
300kHz_150dA_100Mss_bobN1C10206.txt	226.92	2.74	303.23	8.54	57041.50	825.31	3.082343e+05	3.635192e+01	6.394551e+00	498.62	57.739338	4542	4.092e-02
300kHz_150dA_100Mss_bobN1C10207.txt	227.51	2.80	304.71	8.55	57041.50	832.46	3.083021e+05	3.667544e+01	6.393678e+00	499.24	57.283089	4541	4.143e-02
300kHz_150dA_100Mss_bobN1C10208.txt	228.02	2.81	304.30	8.55	57041.50	822.71	3.083021e+05	3.632504e+01	6.394773e+00	499.35	57.855470	4541	4.128e-02
300kHz_150dA_100Mss_bobN1C10209.txt	229.04	3.58	301.75	8.48	57041.50	838.92	3.083021e+05	3.694342e+01	6.392848e+00	499.12	56.849705	4541	4.129e-02
300kHz_150dA_100Mss_bobN1C10210.txt	229.55	4.55	300.28	8.37	57041.50	846.87	3.082343e+05	3.719251e+01	6.391232e+00	495.01	56.005301	4542	4.121e-02
300kHz_150dA_100Mss_bobN1C10211.txt	230.05	5.45	300.62	8.50	57041.50	821.12	3.082343e+05	3.624926e+01	6.393986e+00	494.70	57.444399	4542	4.118e-02
300kHz_150dA_100Mss_bobN1C10212.txt	230.56	5.90	301.14	8.43	57041.50	825.13	3.082343e+05	3.632346e+01	6.393353e+00	492.89	57.113287	4542	4.112e-02
300kHz_150dA_100Mss_bobN1C10213.txt	231.08	6.30	298.89	8.40	57041.50	822.00	3.082343e+05	3.622521e+01	6.390804e+00	480.23	55.781875	4542	4.105e-02
300kHz_150dA_100Mss_bobN1C10214.txt	231.66	6.30	301.46	8.45	57041.50	823.96	3.083021e+05	3.621356e+01	6.393249e+00	491.05	57.059315	4541	4.133e-02
300kHz_150dA_100Mss_bobN1C10215.txt	232.18	6.48	297.32	8.35	57041.50	820.82	3.082343e+05	3.620754e+01	6.390779e+00	479.88	55.768668	4542	4.107e-02
300kHz_150dA_100Mss_bobN1C10216.txt	232.68	6.98	299.50	8.35	57041.50	836.32	3.082343e+05	3.680312e+01	6.390782e+00	487.79	55.769992	4542	4.124e-02
300kHz_150dA_100Mss_bobN1C10217.txt	233.22	7.48	296.73	8.34	57041.50	825.73	3.082343e+05	3.640394e+01	6.391329e+00	484.94	56.056099	4542	4.099e-02
300kHz_150dA_100Mss_bobN1C10218.txt	233.9	8.02	296.90	8.31	57041.50	830.52	3.082343e+05	3.651362e+01	6.390971e+00	484.80	55.868849	4542	4.106e-02
300kHz_150dA_100Mss_bobN1C10219.txt	235.01	8.18	294.81	8.34	57041.50	819.01	3.082343e+05	3.611333e+01	6.391980e+00	483.96	56.395976	4542	4.062e-02
300kHz_150dA_100Mss_bobN1C10220.txt	235.56	7.30	294.27	8.30	57041.50	819.72	3.082343e+05	3.618371e+01	6.389622e+00	474.43	55.163961	4542	4.078e-02
300kHz_150dA_100Mss_bobN1C10221.txt	236.08	6.70	293.57	8.31	57041.50	819.53	3.082343e+05	3.617650e+01	6.391161e+00	481.17	55.967960	4542	4.073e-02
300kHz_150dA_100Mss_bobN1C10222.txt	236.59	7.31	291.64	8.18	57041.50	821.61	3.082343e+05	3.610090e+01	6.390034e+00	475.17	55.379258	4542	4.096e-02
300kHz_150dA_100Mss_bobN1C10223.txt	237.14	8.01	294.60	8.24	57041.50	819.38	3.082343e+05	3.607735e+01	6.389551e+00	472.72	55.126808	4542	4.108e-02
300kHz_150dA_100Mss_bobN1C10224.txt	237.67	8.80	292.51	8.19	57041.50	823.20	3.082343e+05	3.626590e+01	6.388300e+00	469.62	54.473911	4542	4.105e-02
300kHz_150dA_100Mss_bobN1C10225.txt	238.21	9.49	293.57	8.26	57041.50	821.44	3.083021e+05	3.625947e+01	6.389785e+00	476.25	55.249184	4541	4.078e-02
300kHz_150dA_100Mss_bobN1C10226.txt	238.73	9.96	291.92	8.13	57041.50	825.90	3.082343e+05	3.634373e+01	6.388473e+00	471.40	54.564057	4542	4.129e-02
300kHz_150dA_100Mss_bobN1C10227.txt	239.25	10.52	290.69	8.13	57041.50	826.38	3.082343e+05	3.639449e+01	6.388248e+00	471.05	54.446581	4542	4.120e-02
300kHz_150dA_100Mss_bobN1C10228.txt	240.26	11.60	293.82	8.18	57041.50	822.29	3.082343e+05	3.620687e+01	6.389351e+00	473.53	55.022956	4542	4.123e-02
300kHz_150dA_100Mss_bobN1C10229.txt	240.77	11.81	292.32	8.23	57041.50	814.06	3.082343e+05	3.599004e+01	6.389653e+00	472.03	55.180226	4542	4.077e-02
300kHz_150dA_100Mss_bobN1C10230.txt	241.27	11.90	290.45	8.10	57041.50	834.51	3.082343e+05	3.680336e+01	6.386597e+00	468.89	53.584954	4542	4.111e-02
300kHz_150dA_100Mss_bobN1C10231.txt	241.79	11.90	289.39	8.04	57041.50	839.13	3.082343e+05	3.687623e+01	6.386242e+00	468.21	53.399675	4542	4.111e-02
300kHz_150dA_100Mss_bobN1C10232.txt	242.28	11.98	289.94	8.05	57041.50	826.48	3.082343e+05	3.635089e+01	6.388056e+00	469.64	54.346679	4542	4.128e-02
300kHz_150dA_100Mss_bobN1C10233.txt	242.78	12.13	290.16	8.12	57041.50	820.70	3.082343e+05	3.624460e+01	6.387894e+00	467.54	54.262328	4542	4.107e-02
300kHz_150dA_100Mss_bobN1C10234.txt	243.29	12.14	290.26	8.07	57041.50	824.08	3.082343e+05	3.632577e+01	6.387444e+00	466.58	54.027428	4542	4.118e-02
300kHz_150dA_100Mss_bobN1C10235.txt	243.81	12.04	291.73	8.07	57041.50	826.80	3.082343e+05	3.646148e+01	6.387459e+00	468.39	54.035107	4542	4.139e-02
300kHz_150dA_100Mss_bobN1C10236.txt	244.33	12.33	290.48	8.03	57041.50	826.87	3.082343e+05	3.646953e+01	6.386604e+00	464.67	53.588421	4542	4.152e-02
300kHz_150dA_100Mss_bobN1C10237.txt	244.86	12.86	290.92	8.01	57041.50	831.37	3.082343e+05	3.655454e+01	6.387506e+00	469.80	54.059448	4542	4.149e-02
300kHz_150dA_100Mss_bobN1C10238.txt	245.37	13.59	291.12	7.99	57041.50	840.48	3.083021e+05	3.699695e+01	6.384202e+00	460.58	52.335329	4541	4.169e-02
300kHz_150dA_100Mss_bobN1C10239.txt	245.89	14.42	287.94	7.94	57041.50	826.71	3.082343e+05	3.640364e+01	6.385497e+00	458.88	53.010592	4542	4.149e-02
300kHz_150dA_100Mss_bobN1C10240.txt	246.42	15.19	286.33	7.93	57041.50	826.00	3.082343e+05	3.642641e+01	6.384429e+00	454.39	52.453923	4542	4.132e-02
300kHz_150dA_100Mss_bobN1C10241.txt	246.95	15.93	286.47	7.98	57041.50	818.59	3.083021e+05	3.610988e+01	6.386051e+00	457.74	53.300365	4541	4.101e-02
300kHz_150dA_100Mss_bobN1C10242.txt	247.48	16.67	286.06	7.93	57041.50	828.31	3.082343e+05	3.646087e+01	6.385177e+00	458.17	52.844253	4542	4.123e-02
300kHz_150dA_100Mss_bobN1C10243.txt	248.01	17.41	286.57	7.91	57041.50	824.70	3.083021e+05	3.633830e+01	6.383554e+00	449.49	51.997123	4541	4.140e-02
300kHz_150dA_100Mss_bobN1C10244.txt	248.54	18.16	287.21	7.95	57041.50	825.18	3.083021e+05	3.636891e+01	6.384421e+00	453.74	52.449596	4541	4.125e-02
300kHz_150dA_100Mss_bobN1C10245.txt	249.07	18.89	283.19	7.79	57041.50	827.09	3.082343e+05	3.638090e+01	6.383269e+00	448.64	51.848078	4542	4.120e-02
300kHz_150dA_100Mss_bobN1C10246.txt	249.61	19.59	282.69	7.79	57041.50	824.40	3.082343e+05	3.628186e+01	6.382466e+00	443.84	51.430037	4542	4.157e-02
300kHz_150dA_100Mss_bobN1C10247.txt	250.62	20.91	283.44	7.81	57041.50	822.66	3.082343e+05	3.624495e+01	6.383412e+00	447.60	51.923121	4542	4.155e-02
300kHz_150dA_100Mss_bobN1C10248.txt	251.11	21.52	283.30	7.82	57041.50	820.90	3.083021e+05	3.611046e+01	6.383952e+00	448.43	52.204722	4541	4.127e-02
300kHz_150dA_100Mss_bobN1C10249.txt	251.6	22.06	280.91	7.78	57041.50	822.96	3.082343e+05	3.627283e+01	6.382347e+00	443.20	51.367211	4542	4.099e-02
300kHz_150dA_100Mss_bobN1C10250.txt	252.18	22.66	279.34	7.75	57041.50	822.28	3.082343e+05	3.626252e+01	6.382016e+00	441.60	51.194807	4542	4.126e-02
300kHz_150dA_100Mss_bobN1C10251.txt	252.7	23.13	277.89	7.66	57041.50	826.79	3.082343e+05	3.639958e+01	6.381037e+00	438.89	50.684149	4542	4.111e-02
300kHz_150dA_100Mss_bobN1C10252.txt	253.21	23.63	279.21	7.70	57041.50	826.71	3.082343e+05	3.636599e+01	6.380594e+00	436.51	50.453752	4542	4.146e-02
300kHz_150dA_100Mss_bobN1C10253.txt	253.73	24.20	281.28	7.72	57041.50	831.47	3.082343e+05	3.662587e+01	6.380146e+00	437.62	50.220277	4542	4.166e-02
300kHz_150dA_100Mss_bobN1C10254.txt	254.23	24.64	275.56	7.67	57041.50	824.30	3.082343e+05	3.632771e+01	6.379138e+00	429.55	49.694931	4542	4.106e-02
300kHz_150dA_100Mss_bobN1C10255.txt	254.74	24.94	278.74	7.70	57041.50	824.71	3.083021e+05	3.631711e+01	6.380291e+00	434.67	50.295332	4541	4.133e-02
300kHz_150dA_100Mss_bobN1C10256.txt	255.23	25.24	276.39	7.66	57041.50	824.86	3.083021e+05	3.631585e+01	6.379825e+00	432.57	50.052341	4541	4.121e-02
300kHz_150dA_100Mss_bobN1C10257.txt	255.74	25.54	278.55	7.68	57041.50	822.90	3.082343e+05	3.624611e+01	6.379557e+00	430.45	49.912827	4542	4.111e-02
300kHz_150dA_100Mss_bobN1C10258.txt	256.26	25.83	277.18	7.63	57041.50	822.18	3.082343e+05	3.619170e+01	6.380747e+00	435.10	50.533216	4542	4.113e-02
300kHz_150dA_100Mss_bobN1C10259.txt	256.8	26.10	274.25	7.58	57041.50	823.39	3.082343e+05	3.618644e+01	6.379253e+00	428.39	49.754464	4542	4.100e-02
300kHz_150dA_100Mss_bobN1C10260.txt	257.3	26.26	275.16	7.62	57041.50	823.16	3.082343e+05	3.622085e+01	6.380809e+00	435.72	50.565816	4542	4.076e-02
300kHz_150dA_100Mss_bobN1C10261.txt	257.79	26.36	275.31	7.57	57041.50	827.66	3.082343e+05	3.633936e+01	6.379644e+00	431.95	49.958295	4542	4.108e-02
300kHz_150dA_100Mss_bobN1C10262.txt	258.28	26.71	273.21	7.52	57041.50	823.30	3.082343e+05	3.619486e+01	6.378464e+00	424.98	49.343243	4542	4.117e-02
300kHz_150dA_100Mss_bobN1C10263.txt	258.81	27.29	273.61	7.56	57041.50	819.60	3.082343e+05	3.609341e+01	6.378483e+00	423.88	49.353277	4542	4.091e-02
300kHz_150dA_100Mss_bobN1C10264.txt	259.32	27.56	272.20	7.50	57041.50	823.79	3.082343e+05	3.619131e+01	6.378501e+00	425.11	49.362714	4542	4.100e-02
300kHz_150dA_100Mss_bobN1C10265.txt	259.83	27.67	272.55	7.52	57041.50	822.00	3.083021e+05	3.611923e+01	6.378489e+00	424.30	49.356136	4541	4.121e-02
300kHz_150dA_100Mss_bobN1C10266.txt	260.83	28.11	273.38	7.54	57041.50	823.52	3.082343e+05	3.618936e+01	6.377404e+00	420.21	48.791293	4542	4.096e-02
300kHz_150dA_100Mss_bobN1C10267.txt	261.32	28.33	269.97	7.44	57041.50	825.56	3.083021e+05	3.623672e+01	6.376842e+00	418.35	48.498496	4541	4.093e-02
300kHz_150dA_100Mss_bobN1C10268.txt	261.81	28.52	270.98	7.52	57041.50	821.79	3.083021e+05	3.621320e+01	6.377506e+00	421.03	48.844681	4541	4.069e-02
300kHz_150dA_100Mss_bobN1C10269.txt	262.32	28.73	269.37	7.44	57041.50	820.43	3.083021e+05	3.599629e+01	6.377781e+00	419.73	48.988143	4541	4.078e-02
300kHz_150dA_100Mss_bobN1C10270.txt	262.84	28.94	270.32	7.49	57041.50	815.56	3.082343e+05	3.591819e+01	6.378305e+00	421.03	49.260438	4542	4.076e-02
300kHz_150dA_100Mss_bobN1C10271.txt	263.34	29.17	266.28	7.38	57041.50	823.12	3.082343e+05	3.616410e+01	6.375687e+00	412.28	47.897031	4542	4.037e-02
300kHz_150dA_100Mss_bobN1C10272.txt	263.84	29.42	270.44	7.45	57041.50	822.45	3.082343e+05	3.615878e+01	6.377263e+00	419.22	48.717652	4542	4.097e-02
300kHz_150dA_100Mss_bobN1C10273.txt	264.36	29.75	265.51	7.31	57041.50	819.55	3.083021e+05	3.597364e+01	6.373959e+00	402.56	46.996977	4541	4.099e-02
300kHz_150dA_100Mss_bobN1C10274.txt	264.86	30.10	265.90	7.32	57041.50	824.51	3.082343e+05	3.615870e+01	6.375120e+00	409.70	47.601805	4542	4.065e-02
300kHz_150dA_100Mss_bobN1C10275.txt	265.44	30.42	267.51	7.35	57041.50	827.43	3.083021e+05	3.635906e+01	6.374576e+00	409.63	47.318463	4541	4.108e-02
300kHz_150dA_100Mss_bobN1C10276.txt	265.96	30.68	268.09	7.41	57041.50	817.34	3.082343e+05	3.600519e+01	6.375951e+00	411.64	48.034582	4542	4.085e-02
300kHz_150dA_100Mss_bobN1C10277.txt	266.54	30.92	267.18	7.36	57041.50	818.98	3.082343e+05	3.604228e+01	6.375163e+00	408.57	47.624020	4542	4.102e-02
300kHz_150dA_100Mss_bobN1C10278.txt	267.05	31.11	265.10	7.33	57041.50	819.61	3.082343e+05	3.598816e+01	6.375107e+00	407.71	47.595002	4542	4.042e-02
300kHz_150dA_100Mss_bobN1C10279.txt	267.56	31.21	267.22	7.33	57041.50	819.69	3.083021e+05	3.601611e+01	6.374853e+00	406.99	47.462289	4541	4.119e-02
