# Configuracion:
# Concentracion g/m^3_=_14924.999999999998
# C_Vs_to_Am_M_A/Vsm_=_116720831517.84952
# pendiente_HvsI_1/m_=_3716.3
# ordenada_HvsI_A/m_=_1297.0
# frecuencia_ref_Hz_=_308257.54390204133
# 
Resultados:
# tau_s_=_(6.78+/-1.47)e+01
# dphi_rad_=_6.41+/-0.03
# SAR_W/g_=_570.67+/-87.15
# Hc_kA/m_=_9.53+/-1.49
# Mr_A/m_=_301.76+/-57.80
# Suceptibilidad_a_M=0_=_0.0380+/-0.0098
Nombre_archivo	Time_m_(s)	Temperatura_(ºC)	Mr_(A/m)	Hc_(kA/m)	Campo_max_(A/m)	Mag_max_(A/m)	f0	mag0	dphi0	SAR_(W/g)	Tau_(ns)	N	xi_M_0
300kHz_150dA_100Mss_bobN1C10009.txt	75.96	-188.92	260.88	14.48	57041.50	796.78	3.083021e+05	3.237422e+01	6.497021e+00	848.10	112.118408	4541	2.031e-02
300kHz_150dA_100Mss_bobN1C10010.txt	76.45	-183.87	269.25	14.45	57041.50	805.41	3.083021e+05	3.280046e+01	6.497953e+00	862.95	112.623165	4541	2.108e-02
300kHz_150dA_100Mss_bobN1C10011.txt	76.96	-178.52	265.18	14.40	57041.50	781.99	3.083021e+05	3.204621e+01	6.499108e+00	847.58	113.247341	4541	2.085e-02
300kHz_150dA_100Mss_bobN1C10012.txt	77.48	-172.72	260.98	14.45	57041.50	758.66	3.083021e+05	3.121990e+01	6.501450e+00	834.54	114.516854	4541	2.044e-02
300kHz_150dA_100Mss_bobN1C10013.txt	77.99	-167.01	257.00	14.32	57041.50	747.09	3.083021e+05	3.079648e+01	6.499804e+00	817.11	113.625641	4541	2.027e-02
300kHz_150dA_100Mss_bobN1C10014.txt	78.51	-161.19	259.08	14.24	57041.50	735.01	3.083021e+05	3.035662e+01	6.500229e+00	806.99	113.854791	4541	2.065e-02
300kHz_150dA_100Mss_bobN1C10015.txt	79.01	-155.59	255.99	14.24	57041.50	716.92	3.083021e+05	2.972133e+01	6.500294e+00	790.33	113.890742	4541	2.042e-02
300kHz_150dA_100Mss_bobN1C10016.txt	79.51	-150.24	254.89	14.08	57041.50	714.48	3.082343e+05	2.967528e+01	6.498222e+00	781.53	112.769727	4542	2.050e-02
300kHz_150dA_100Mss_bobN1C10017.txt	80.1	-144.05	249.58	13.97	57041.50	705.27	3.082343e+05	2.937585e+01	6.496823e+00	768.68	112.013356	4542	2.017e-02
300kHz_150dA_100Mss_bobN1C10018.txt	80.62	-139.11	248.77	13.89	57041.50	694.36	3.083021e+05	2.892829e+01	6.497052e+00	757.94	112.136059	4541	2.017e-02
300kHz_150dA_100Mss_bobN1C10019.txt	81.67	-130.48	242.25	13.54	57041.50	688.65	3.082343e+05	2.875239e+01	6.491986e+00	735.59	109.400284	4542	2.007e-02
300kHz_150dA_100Mss_bobN1C10020.txt	82.17	-126.79	246.16	13.33	57041.50	707.70	3.082343e+05	2.960195e+01	6.484631e+00	731.01	105.437634	4542	2.091e-02
300kHz_150dA_100Mss_bobN1C10021.txt	82.67	-123.24	242.16	13.36	57041.50	687.82	3.083021e+05	2.878207e+01	6.487870e+00	722.20	107.181561	4541	2.038e-02
300kHz_150dA_100Mss_bobN1C10022.txt	83.16	-119.83	238.52	13.07	57041.50	688.95	3.082343e+05	2.886703e+01	6.482630e+00	705.88	104.362140	4542	2.043e-02
300kHz_150dA_100Mss_bobN1C10023.txt	83.68	-116.34	233.47	13.03	57041.50	683.08	3.082343e+05	2.874682e+01	6.479897e+00	693.43	102.894866	4542	2.014e-02
300kHz_150dA_100Mss_bobN1C10024.txt	84.18	-113.05	234.60	12.81	57041.50	688.63	3.083021e+05	2.886063e+01	6.477872e+00	689.25	101.808109	4541	2.051e-02
300kHz_150dA_100Mss_bobN1C10025.txt	84.69	-109.78	232.53	12.69	57041.50	685.88	3.083021e+05	2.879471e+01	6.474294e+00	675.20	99.890255	4541	2.058e-02
300kHz_150dA_100Mss_bobN1C10026.txt	85.21	-106.56	231.40	12.45	57041.50	687.88	3.083021e+05	2.879768e+01	6.472322e+00	668.38	98.834802	4541	2.067e-02
300kHz_150dA_100Mss_bobN1C10027.txt	85.7	-103.67	227.47	12.32	57041.50	683.26	3.082343e+05	2.872609e+01	6.469797e+00	657.78	97.483461	4542	2.058e-02
300kHz_150dA_100Mss_bobN1C10028.txt	86.21	-101.33	226.85	12.19	57041.50	683.68	3.083021e+05	2.871979e+01	6.468236e+00	652.34	96.649002	4541	2.072e-02
300kHz_150dA_100Mss_bobN1C10029.txt	86.73	-99.93	223.39	12.03	57041.50	684.83	3.083021e+05	2.875203e+01	6.466684e+00	647.66	95.820285	4541	2.060e-02
300kHz_150dA_100Mss_bobN1C10030.txt	87.24	-97.38	224.90	11.92	57041.50	690.16	3.083021e+05	2.898020e+01	6.462966e+00	639.71	93.835799	4541	2.092e-02
300kHz_150dA_100Mss_bobN1C10031.txt	87.75	-93.50	221.04	11.67	57041.50	690.83	3.083021e+05	2.903504e+01	6.459537e+00	628.83	92.008001	4541	2.095e-02
300kHz_150dA_100Mss_bobN1C10032.txt	88.25	-90.48	221.21	11.65	57041.50	698.45	3.083021e+05	2.938918e+01	6.457077e+00	627.71	90.697778	4541	2.107e-02
300kHz_150dA_100Mss_bobN1C10033.txt	88.76	-88.18	221.76	11.55	57041.50	695.00	3.083021e+05	2.917916e+01	6.457548e+00	624.89	90.948872	4541	2.114e-02
300kHz_150dA_100Mss_bobN1C10034.txt	89.27	-85.97	221.95	11.49	57041.50	693.50	3.083021e+05	2.914611e+01	6.456813e+00	621.58	90.557997	4541	2.125e-02
300kHz_150dA_100Mss_bobN1C10035.txt	89.77	-83.87	221.72	11.38	57041.50	697.58	3.083021e+05	2.934639e+01	6.451749e+00	607.78	87.865115	4541	2.161e-02
300kHz_150dA_100Mss_bobN1C10036.txt	90.29	-81.83	220.98	11.20	57041.50	711.04	3.083021e+05	2.995149e+01	6.451382e+00	618.97	87.670445	4541	2.176e-02
300kHz_150dA_100Mss_bobN1C10037.txt	90.81	-79.90	219.76	11.15	57041.50	705.66	3.083021e+05	2.972297e+01	6.451473e+00	614.58	87.718329	4541	2.174e-02
300kHz_150dA_100Mss_bobN1C10038.txt	91.82	-74.69	219.18	11.04	57041.50	706.47	3.083021e+05	2.987847e+01	6.446970e+00	601.41	85.328094	4541	2.201e-02
300kHz_150dA_100Mss_bobN1C10039.txt	92.33	-72.64	221.48	10.97	57041.50	708.82	3.083021e+05	2.991151e+01	6.447272e+00	603.18	85.488495	4541	2.237e-02
300kHz_150dA_100Mss_bobN1C10040.txt	92.82	-71.08	219.44	10.91	57041.50	702.39	3.083021e+05	2.968554e+01	6.446341e+00	595.25	84.994450	4541	2.228e-02
300kHz_150dA_100Mss_bobN1C10041.txt	93.32	-69.54	220.58	10.79	57041.50	712.90	3.083021e+05	3.017926e+01	6.442767e+00	592.01	83.099890	4541	2.254e-02
300kHz_150dA_100Mss_bobN1C10042.txt	93.82	-68.04	221.06	10.72	57041.50	718.38	3.083021e+05	3.038376e+01	6.440176e+00	586.43	81.728181	4541	2.278e-02
300kHz_150dA_100Mss_bobN1C10043.txt	94.33	-67.50	219.52	10.74	57041.50	717.12	3.083021e+05	3.034350e+01	6.442426e+00	593.97	82.919645	4541	2.252e-02
300kHz_150dA_100Mss_bobN1C10044.txt	94.9	-67.50	218.09	10.57	57041.50	716.73	3.083021e+05	3.037750e+01	6.438701e+00	580.84	80.948391	4541	2.277e-02
300kHz_150dA_100Mss_bobN1C10045.txt	95.41	-66.31	221.44	10.48	57041.50	738.97	3.083021e+05	3.124863e+01	6.434744e+00	582.41	78.856256	4541	2.331e-02
300kHz_150dA_100Mss_bobN1C10046.txt	95.93	-64.80	222.51	10.38	57041.50	739.69	3.083021e+05	3.123818e+01	6.435044e+00	583.36	79.014294	4541	2.346e-02
300kHz_150dA_100Mss_bobN1C10047.txt	96.45	-62.84	219.82	10.35	57041.50	736.01	3.083021e+05	3.113883e+01	6.432908e+00	573.39	77.886583	4541	2.337e-02
300kHz_150dA_100Mss_bobN1C10048.txt	96.93	-60.97	221.61	10.37	57041.50	728.36	3.083021e+05	3.085059e+01	6.433693e+00	571.04	78.300280	4541	2.353e-02
300kHz_150dA_100Mss_bobN1C10049.txt	97.44	-59.60	221.24	10.31	57041.50	732.51	3.083021e+05	3.105147e+01	6.432558e+00	570.45	77.701434	4541	2.359e-02
300kHz_150dA_100Mss_bobN1C10050.txt	97.94	-58.35	219.72	10.16	57041.50	734.02	3.083021e+05	3.105915e+01	6.431334e+00	565.95	77.055321	4541	2.373e-02
300kHz_150dA_100Mss_bobN1C10051.txt	98.43	-57.17	218.83	10.23	57041.50	732.61	3.083021e+05	3.119520e+01	6.429601e+00	561.83	76.140620	4541	2.359e-02
300kHz_150dA_100Mss_bobN1C10052.txt	98.95	-55.92	218.32	9.95	57041.50	741.17	3.083021e+05	3.146138e+01	6.426925e+00	556.34	74.729137	4541	2.412e-02
300kHz_150dA_100Mss_bobN1C10053.txt	99.44	-54.88	217.93	9.92	57041.50	744.07	3.083021e+05	3.149141e+01	6.427734e+00	559.98	75.155697	4541	2.411e-02
300kHz_150dA_100Mss_bobN1C10054.txt	99.93	-53.85	219.47	9.92	57041.50	743.72	3.082343e+05	3.151388e+01	6.427765e+00	560.38	75.172300	4542	2.429e-02
300kHz_150dA_100Mss_bobN1C10055.txt	100.42	-53.24	216.93	9.86	57041.50	742.45	3.082343e+05	3.149496e+01	6.426536e+00	555.31	74.524535	4542	2.402e-02
300kHz_150dA_100Mss_bobN1C10056.txt	100.94	-52.67	221.06	9.94	57041.50	742.31	3.083021e+05	3.136377e+01	6.428043e+00	558.90	75.319761	4541	2.440e-02
300kHz_150dA_100Mss_bobN1C10057.txt	102.0	-50.50	220.18	9.73	57041.50	759.37	3.083021e+05	3.219433e+01	6.421362e+00	547.41	71.799442	4541	2.478e-02
300kHz_150dA_100Mss_bobN1C10058.txt	102.51	-49.58	220.57	9.80	57041.50	751.07	3.082343e+05	3.189333e+01	6.422907e+00	548.20	72.613062	4542	2.465e-02
300kHz_150dA_100Mss_bobN1C10059.txt	103.01	-48.68	220.32	9.73	57041.50	750.61	3.082343e+05	3.181111e+01	6.423165e+00	547.79	72.749080	4542	2.476e-02
300kHz_150dA_100Mss_bobN1C10060.txt	103.52	-47.71	218.33	9.64	57041.50	753.31	3.083021e+05	3.202779e+01	6.420973e+00	543.06	71.594944	4541	2.478e-02
300kHz_150dA_100Mss_bobN1C10061.txt	104.03	-46.75	219.52	9.69	57041.50	756.09	3.083021e+05	3.212007e+01	6.420648e+00	543.35	71.424485	4541	2.482e-02
300kHz_150dA_100Mss_bobN1C10062.txt	104.54	-45.88	216.46	9.50	57041.50	758.49	3.083021e+05	3.223304e+01	6.419412e+00	540.38	70.773756	4541	2.492e-02
300kHz_150dA_100Mss_bobN1C10063.txt	105.04	-45.00	218.19	9.55	57041.50	754.69	3.082343e+05	3.208574e+01	6.418813e+00	535.45	70.459372	4542	2.494e-02
300kHz_150dA_100Mss_bobN1C10064.txt	105.54	-43.75	219.22	9.53	57041.50	756.98	3.083021e+05	3.218412e+01	6.418590e+00	536.33	70.341559	4541	2.526e-02
300kHz_150dA_100Mss_bobN1C10065.txt	106.04	-42.54	219.00	9.54	57041.50	762.71	3.082343e+05	3.248449e+01	6.418061e+00	539.11	70.063656	4542	2.508e-02
300kHz_150dA_100Mss_bobN1C10066.txt	106.57	-41.75	218.77	9.47	57041.50	762.14	3.082343e+05	3.243892e+01	6.417490e+00	536.09	69.763655	4542	2.519e-02
300kHz_150dA_100Mss_bobN1C10067.txt	107.11	-40.92	219.25	9.46	57041.50	759.61	3.082343e+05	3.240201e+01	6.417304e+00	534.74	69.665567	4542	2.530e-02
300kHz_150dA_100Mss_bobN1C10068.txt	107.63	-40.09	220.05	9.43	57041.50	766.18	3.083021e+05	3.262089e+01	6.415322e+00	530.56	68.623850	4541	2.566e-02
300kHz_150dA_100Mss_bobN1C10069.txt	108.14	-39.32	219.30	9.28	57041.50	767.32	3.082343e+05	3.261844e+01	6.414575e+00	527.43	68.231686	4542	2.580e-02
300kHz_150dA_100Mss_bobN1C10070.txt	108.63	-38.68	221.21	9.39	57041.50	769.73	3.082343e+05	3.280329e+01	6.414601e+00	530.52	68.245330	4542	2.580e-02
300kHz_150dA_100Mss_bobN1C10071.txt	109.13	-38.03	225.57	9.55	57041.50	763.26	3.082343e+05	3.257870e+01	6.417670e+00	539.12	69.858508	4542	2.604e-02
300kHz_150dA_100Mss_bobN1C10072.txt	109.62	-37.39	225.90	9.34	57041.50	773.96	3.083021e+05	3.295044e+01	6.414954e+00	534.44	68.430510	4541	2.644e-02
300kHz_150dA_100Mss_bobN1C10073.txt	110.13	-36.72	223.38	9.42	57041.50	767.32	3.083021e+05	3.276273e+01	6.415996e+00	535.57	68.978697	4541	2.611e-02
300kHz_150dA_100Mss_bobN1C10074.txt	110.63	-36.02	223.03	9.21	57041.50	777.42	3.082343e+05	3.316730e+01	6.413088e+00	530.27	67.450517	4542	2.663e-02
300kHz_150dA_100Mss_bobN1C10075.txt	111.13	-35.33	225.47	9.20	57041.50	782.56	3.082343e+05	3.334810e+01	6.412435e+00	530.49	67.107789	4542	2.696e-02
300kHz_150dA_100Mss_bobN1C10076.txt	112.15	-34.02	226.99	9.11	57041.50	781.88	3.082343e+05	3.336921e+01	6.409960e+00	520.72	65.808224	4542	2.754e-02
300kHz_150dA_100Mss_bobN1C10077.txt	112.66	-33.41	228.00	9.12	57041.50	778.18	3.083021e+05	3.327142e+01	6.411240e+00	524.52	66.480081	4541	2.754e-02
300kHz_150dA_100Mss_bobN1C10078.txt	113.16	-32.81	230.60	9.19	57041.50	781.26	3.082343e+05	3.336146e+01	6.412974e+00	532.90	67.391008	4542	2.776e-02
300kHz_150dA_100Mss_bobN1C10079.txt	113.65	-32.22	231.87	9.08	57041.50	783.81	3.082343e+05	3.350317e+01	6.410558e+00	525.26	66.121890	4542	2.834e-02
300kHz_150dA_100Mss_bobN1C10080.txt	114.25	-31.55	236.11	9.09	57041.50	798.47	3.082343e+05	3.418624e+01	6.409171e+00	530.16	65.393925	4542	2.898e-02
300kHz_150dA_100Mss_bobN1C10081.txt	114.77	-31.03	239.29	9.15	57041.50	788.53	3.082343e+05	3.380728e+01	6.410816e+00	531.10	66.257512	4542	2.920e-02
300kHz_150dA_100Mss_bobN1C10082.txt	115.3	-30.47	239.69	9.00	57041.50	794.07	3.083021e+05	3.405959e+01	6.407560e+00	521.60	64.548102	4541	2.976e-02
300kHz_150dA_100Mss_bobN1C10083.txt	115.8	-29.92	241.46	9.07	57041.50	795.63	3.083021e+05	3.415784e+01	6.407870e+00	524.40	64.711460	4541	2.988e-02
300kHz_150dA_100Mss_bobN1C10084.txt	116.3	-29.37	242.20	8.93	57041.50	795.39	3.082343e+05	3.417335e+01	6.406729e+00	519.74	64.113121	4542	3.056e-02
300kHz_150dA_100Mss_bobN1C10085.txt	116.82	-28.80	246.51	9.04	57041.50	792.72	3.082343e+05	3.403922e+01	6.409704e+00	530.11	65.673353	4542	3.075e-02
300kHz_150dA_100Mss_bobN1C10086.txt	117.33	-28.27	250.36	9.08	57041.50	796.72	3.083021e+05	3.418310e+01	6.410992e+00	537.86	66.349764	4541	3.108e-02
300kHz_150dA_100Mss_bobN1C10087.txt	117.83	-27.77	253.69	9.08	57041.50	801.73	3.083021e+05	3.447043e+01	6.409505e+00	536.10	65.568850	4541	3.165e-02
300kHz_150dA_100Mss_bobN1C10088.txt	118.35	-27.25	257.74	9.14	57041.50	807.06	3.083021e+05	3.479893e+01	6.409474e+00	541.08	65.553241	4541	3.213e-02
300kHz_150dA_100Mss_bobN1C10089.txt	118.86	-26.74	261.98	9.12	57041.50	810.06	3.083021e+05	3.494695e+01	6.408834e+00	540.64	65.217163	4541	3.281e-02
300kHz_150dA_100Mss_bobN1C10090.txt	119.36	-26.24	266.73	9.14	57041.50	812.00	3.083021e+05	3.508716e+01	6.407485e+00	537.01	64.509128	4541	3.346e-02
300kHz_150dA_100Mss_bobN1C10091.txt	119.85	-25.75	270.32	9.21	57041.50	813.14	3.083021e+05	3.518977e+01	6.409382e+00	546.76	65.504480	4541	3.369e-02
300kHz_150dA_100Mss_bobN1C10092.txt	120.35	-25.46	273.91	9.24	57041.50	818.77	3.083021e+05	3.534962e+01	6.411847e+00	559.91	66.798680	4541	3.403e-02
300kHz_150dA_100Mss_bobN1C10093.txt	120.84	-25.26	275.59	9.25	57041.50	815.81	3.083021e+05	3.542289e+01	6.409752e+00	551.98	65.698821	4541	3.454e-02
300kHz_150dA_100Mss_bobN1C10094.txt	121.34	-24.83	282.47	9.15	57041.50	835.82	3.083021e+05	3.611832e+01	6.408097e+00	555.50	64.830307	4541	3.590e-02
300kHz_150dA_100Mss_bobN1C10095.txt	122.33	-23.84	289.95	9.26	57041.50	833.85	3.083021e+05	3.619520e+01	6.408321e+00	557.68	64.947884	4541	3.672e-02
300kHz_150dA_100Mss_bobN1C10096.txt	122.83	-23.44	294.44	9.32	57041.50	828.71	3.082343e+05	3.610008e+01	6.410283e+00	564.76	65.976560	4542	3.719e-02
300kHz_150dA_100Mss_bobN1C10097.txt	123.34	-22.99	300.64	9.38	57041.50	834.27	3.083021e+05	3.626568e+01	6.410029e+00	566.35	65.843596	4541	3.774e-02
300kHz_150dA_100Mss_bobN1C10098.txt	123.85	-22.54	305.23	9.50	57041.50	837.34	3.082343e+05	3.639244e+01	6.414759e+00	589.27	68.327958	4542	3.802e-02
300kHz_150dA_100Mss_bobN1C10099.txt	124.36	-22.08	309.99	9.47	57041.50	844.27	3.083021e+05	3.681449e+01	6.411505e+00	581.57	66.618417	4541	3.924e-02
300kHz_150dA_100Mss_bobN1C10100.txt	124.86	-21.63	310.06	9.36	57041.50	844.72	3.083021e+05	3.682169e+01	6.410819e+00	578.59	66.258119	4541	3.942e-02
300kHz_150dA_100Mss_bobN1C10101.txt	125.37	-21.17	317.44	9.46	57041.50	851.05	3.082343e+05	3.712612e+01	6.411916e+00	588.23	66.833865	4542	4.003e-02
300kHz_150dA_100Mss_bobN1C10102.txt	125.87	-20.72	319.25	9.56	57041.50	849.34	3.083021e+05	3.715051e+01	6.412504e+00	591.42	67.142887	4541	4.036e-02
300kHz_150dA_100Mss_bobN1C10103.txt	126.39	-20.29	326.82	9.63	57041.50	849.30	3.082343e+05	3.714768e+01	6.413560e+00	596.05	67.697516	4542	4.124e-02
300kHz_150dA_100Mss_bobN1C10104.txt	126.89	-19.89	330.55	9.60	57041.50	851.68	3.083021e+05	3.728383e+01	6.414097e+00	600.82	67.979257	4541	4.178e-02
300kHz_150dA_100Mss_bobN1C10105.txt	127.4	-19.48	334.28	9.64	57041.50	855.83	3.083021e+05	3.752919e+01	6.413329e+00	601.24	67.575815	4541	4.219e-02
300kHz_150dA_100Mss_bobN1C10106.txt	127.9	-19.08	338.75	9.69	57041.50	849.56	3.082343e+05	3.734559e+01	6.414539e+00	603.70	68.211716	4542	4.274e-02
300kHz_150dA_100Mss_bobN1C10107.txt	128.4	-18.72	340.58	9.68	57041.50	856.02	3.083021e+05	3.765824e+01	6.414511e+00	608.75	68.196549	4541	4.304e-02
300kHz_150dA_100Mss_bobN1C10108.txt	128.89	-18.38	344.75	9.65	57041.50	865.00	3.082343e+05	3.793704e+01	6.413616e+00	608.97	67.726465	4542	4.380e-02
300kHz_150dA_100Mss_bobN1C10109.txt	129.38	-18.00	348.30	9.82	57041.50	864.90	3.082343e+05	3.799654e+01	6.416978e+00	625.56	69.494220	4542	4.350e-02
300kHz_150dA_100Mss_bobN1C10110.txt	129.87	-17.60	351.43	9.78	57041.50	864.44	3.082343e+05	3.808559e+01	6.414784e+00	616.80	68.340254	4542	4.430e-02
300kHz_150dA_100Mss_bobN1C10111.txt	130.37	-17.24	355.37	9.83	57041.50	874.20	3.083021e+05	3.844396e+01	6.416815e+00	632.30	69.407966	4541	4.504e-02
300kHz_150dA_100Mss_bobN1C10112.txt	130.87	-16.89	357.12	9.75	57041.50	875.62	3.083021e+05	3.853785e+01	6.414211e+00	621.56	68.039103	4541	4.576e-02
300kHz_150dA_100Mss_bobN1C10113.txt	131.37	-16.54	359.79	9.83	57041.50	868.36	3.083021e+05	3.828340e+01	6.415300e+00	622.56	68.611376	4541	4.589e-02
300kHz_150dA_100Mss_bobN1C10114.txt	132.36	-15.85	364.30	9.78	57041.50	877.32	3.083021e+05	3.872447e+01	6.413791e+00	622.58	67.818316	4541	4.683e-02
300kHz_150dA_100Mss_bobN1C10115.txt	132.86	-15.50	366.96	9.79	57041.50	879.23	3.083021e+05	3.878561e+01	6.414693e+00	627.85	68.292076	4541	4.711e-02
300kHz_150dA_100Mss_bobN1C10116.txt	133.35	-15.12	371.22	9.90	57041.50	872.19	3.083021e+05	3.856716e+01	6.417638e+00	638.21	69.840249	4541	4.722e-02
300kHz_150dA_100Mss_bobN1C10117.txt	133.85	-14.72	372.42	9.89	57041.50	874.83	3.083021e+05	3.863479e+01	6.416779e+00	635.26	69.388391	4541	4.738e-02
300kHz_150dA_100Mss_bobN1C10118.txt	134.42	-14.39	377.58	9.93	57041.50	879.94	3.083021e+05	3.883256e+01	6.416336e+00	636.41	69.155944	4541	4.805e-02
300kHz_150dA_100Mss_bobN1C10119.txt	134.92	-14.14	376.37	9.96	57041.50	877.84	3.083021e+05	3.888605e+01	6.417691e+00	643.73	69.867953	4541	4.763e-02
300kHz_150dA_100Mss_bobN1C10120.txt	135.41	-13.94	380.91	9.97	57041.50	881.30	3.082343e+05	3.900175e+01	6.417252e+00	643.41	69.637128	4542	4.837e-02
300kHz_150dA_100Mss_bobN1C10121.txt	135.89	-13.74	381.52	10.01	57041.50	884.89	3.083021e+05	3.915722e+01	6.417742e+00	648.47	69.895289	4541	4.815e-02
300kHz_150dA_100Mss_bobN1C10122.txt	136.38	-13.47	383.65	9.96	57041.50	889.25	3.083021e+05	3.932156e+01	6.416084e+00	643.22	69.023626	4541	4.884e-02
300kHz_150dA_100Mss_bobN1C10123.txt	136.87	-13.18	383.77	9.99	57041.50	888.86	3.083021e+05	3.937264e+01	6.418074e+00	653.64	70.069398	4541	4.866e-02
300kHz_150dA_100Mss_bobN1C10124.txt	137.35	-12.96	388.43	9.96	57041.50	909.16	3.083021e+05	4.013616e+01	6.416295e+00	657.57	69.133966	4541	4.941e-02
300kHz_150dA_100Mss_bobN1C10125.txt	137.85	-12.76	390.07	9.91	57041.50	914.03	3.083021e+05	4.042513e+01	6.413656e+00	649.25	67.747050	4541	5.008e-02
300kHz_150dA_100Mss_bobN1C10126.txt	138.42	-12.49	387.32	9.99	57041.50	896.07	3.083021e+05	3.978821e+01	6.415692e+00	648.94	68.816904	4541	4.936e-02
300kHz_150dA_100Mss_bobN1C10127.txt	138.92	-12.24	390.72	10.03	57041.50	899.41	3.083021e+05	3.989098e+01	6.417007e+00	657.03	69.508310	4541	4.945e-02
300kHz_150dA_100Mss_bobN1C10128.txt	139.42	-12.07	391.85	10.03	57041.50	896.20	3.083021e+05	3.975956e+01	6.417095e+00	655.30	69.554581	4541	4.963e-02
300kHz_150dA_100Mss_bobN1C10129.txt	139.91	-11.93	394.37	10.07	57041.50	898.42	3.082343e+05	3.978253e+01	6.419186e+00	665.71	70.654286	4542	4.972e-02
300kHz_150dA_100Mss_bobN1C10130.txt	140.42	-11.73	395.82	10.05	57041.50	899.49	3.083021e+05	3.991623e+01	6.417677e+00	660.72	69.860340	4541	5.006e-02
300kHz_150dA_100Mss_bobN1C10131.txt	140.91	-11.54	391.52	10.03	57041.50	899.96	3.083021e+05	3.985954e+01	6.418495e+00	663.77	70.291112	4541	4.929e-02
300kHz_150dA_100Mss_bobN1C10132.txt	141.42	-11.33	392.93	10.09	57041.50	898.11	3.083021e+05	3.992822e+01	6.416841e+00	656.83	69.420915	4541	4.942e-02
300kHz_150dA_100Mss_bobN1C10133.txt	142.42	-10.97	391.30	9.97	57041.50	901.85	3.083021e+05	3.998891e+01	6.416209e+00	654.74	69.088671	4541	4.970e-02
300kHz_150dA_100Mss_bobN1C10134.txt	142.93	-10.82	395.90	10.11	57041.50	902.86	3.083021e+05	4.006492e+01	6.418334e+00	666.40	70.206273	4541	4.954e-02
300kHz_150dA_100Mss_bobN1C10135.txt	143.47	-10.66	393.32	10.03	57041.50	909.41	3.083021e+05	4.031106e+01	6.416964e+00	663.74	69.485903	4541	4.953e-02
300kHz_150dA_100Mss_bobN1C10136.txt	143.98	-10.51	395.26	10.06	57041.50	910.43	3.083021e+05	4.036115e+01	6.417573e+00	667.57	69.805667	4541	4.952e-02
300kHz_150dA_100Mss_bobN1C10137.txt	144.47	-10.26	392.27	9.97	57041.50	906.52	3.083021e+05	4.018707e+01	6.415961e+00	656.77	68.957323	4541	4.957e-02
300kHz_150dA_100Mss_bobN1C10138.txt	144.96	-10.02	394.62	10.09	57041.50	902.66	3.083021e+05	4.009779e+01	6.418104e+00	665.82	70.084334	4541	4.933e-02
300kHz_150dA_100Mss_bobN1C10139.txt	145.48	-9.81	393.53	10.11	57041.50	901.78	3.082343e+05	4.001025e+01	6.419355e+00	670.34	70.743246	4542	4.896e-02
300kHz_150dA_100Mss_bobN1C10140.txt	145.99	-9.60	391.21	10.08	57041.50	899.35	3.082343e+05	3.993768e+01	6.419276e+00	668.74	70.701437	4542	4.879e-02
300kHz_150dA_100Mss_bobN1C10141.txt	146.5	-9.50	392.97	10.15	57041.50	893.18	3.083021e+05	3.975116e+01	6.419666e+00	667.66	70.907294	4541	4.856e-02
300kHz_150dA_100Mss_bobN1C10142.txt	147.01	-9.40	391.46	10.02	57041.50	898.07	3.082343e+05	3.992328e+01	6.417628e+00	660.45	69.834152	4542	4.928e-02
300kHz_150dA_100Mss_bobN1C10143.txt	147.55	-9.29	390.97	10.05	57041.50	900.00	3.083021e+05	3.988825e+01	6.418136e+00	662.50	70.102494	4541	4.871e-02
300kHz_150dA_100Mss_bobN1C10144.txt	148.05	-9.19	388.85	9.96	57041.50	897.82	3.082343e+05	3.985360e+01	6.416342e+00	653.03	69.158632	4542	4.900e-02
300kHz_150dA_100Mss_bobN1C10145.txt	148.58	-9.08	387.25	9.89	57041.50	901.72	3.083021e+05	3.994897e+01	6.414980e+00	648.08	68.442895	4541	4.907e-02
300kHz_150dA_100Mss_bobN1C10146.txt	149.1	-8.98	387.48	10.02	57041.50	892.88	3.082343e+05	3.957421e+01	6.419776e+00	665.07	70.964835	4542	4.816e-02
300kHz_150dA_100Mss_bobN1C10147.txt	149.63	-8.87	385.80	9.83	57041.50	902.39	3.083021e+05	4.000676e+01	6.413223e+00	640.41	67.519933	4541	4.918e-02
300kHz_150dA_100Mss_bobN1C10148.txt	150.14	-8.76	388.56	9.96	57041.50	897.61	3.083021e+05	3.983237e+01	6.416933e+00	655.71	69.469191	4541	4.854e-02
300kHz_150dA_100Mss_bobN1C10149.txt	150.66	-8.60	385.72	9.91	57041.50	904.58	3.083021e+05	4.003084e+01	6.415656e+00	652.72	68.798735	4541	4.839e-02
300kHz_150dA_100Mss_bobN1C10150.txt	151.17	-8.47	384.48	9.72	57041.50	906.54	3.083021e+05	4.012072e+01	6.411317e+00	632.88	66.519006	4541	4.868e-02
300kHz_150dA_100Mss_bobN1C10151.txt	151.71	-8.36	380.81	9.78	57041.50	901.70	3.083021e+05	3.996493e+01	6.413260e+00	639.93	67.539649	4541	4.838e-02
300kHz_150dA_100Mss_bobN1C10152.txt	152.72	-8.16	382.83	9.86	57041.50	898.21	3.083021e+05	3.983924e+01	6.414343e+00	643.19	68.108435	4541	4.818e-02
300kHz_150dA_100Mss_bobN1C10153.txt	153.24	-8.05	382.83	9.75	57041.50	900.38	3.083021e+05	3.990881e+01	6.411004e+00	628.00	66.354704	4541	4.819e-02
300kHz_150dA_100Mss_bobN1C10154.txt	153.74	-7.95	380.11	9.77	57041.50	901.75	3.083021e+05	3.998747e+01	6.412092e+00	634.57	66.926380	4541	4.812e-02
300kHz_150dA_100Mss_bobN1C10155.txt	154.26	-7.85	378.61	9.69	57041.50	904.35	3.082343e+05	3.998587e+01	6.411950e+00	633.71	66.851190	4542	4.777e-02
300kHz_150dA_100Mss_bobN1C10156.txt	154.76	-7.75	376.52	9.68	57041.50	901.18	3.083021e+05	3.985029e+01	6.412347e+00	633.64	67.060454	4541	4.791e-02
300kHz_150dA_100Mss_bobN1C10157.txt	155.35	-7.63	376.00	9.69	57041.50	899.15	3.083021e+05	3.979669e+01	6.411092e+00	626.67	66.401662	4541	4.783e-02
300kHz_150dA_100Mss_bobN1C10158.txt	155.86	-7.53	374.29	9.67	57041.50	902.36	3.082343e+05	3.998668e+01	6.410769e+00	627.94	66.232272	4542	4.725e-02
300kHz_150dA_100Mss_bobN1C10159.txt	156.38	-7.42	376.31	9.73	57041.50	908.87	3.082343e+05	4.015652e+01	6.412979e+00	641.47	67.392736	4542	4.701e-02
300kHz_150dA_100Mss_bobN1C10160.txt	156.9	-7.32	372.94	9.64	57041.50	911.67	3.083021e+05	4.031955e+01	6.410524e+00	632.10	66.103728	4541	4.704e-02
300kHz_150dA_100Mss_bobN1C10161.txt	157.4	-7.14	371.63	9.58	57041.50	914.16	3.083021e+05	4.038664e+01	6.409744e+00	629.29	65.694089	4541	4.712e-02
300kHz_150dA_100Mss_bobN1C10162.txt	157.9	-6.94	369.95	9.57	57041.50	906.52	3.083021e+05	4.015904e+01	6.408372e+00	619.00	64.974708	4541	4.695e-02
300kHz_150dA_100Mss_bobN1C10163.txt	158.4	-6.78	368.61	9.58	57041.50	891.79	3.083021e+05	3.944680e+01	6.410935e+00	620.40	66.319472	4541	4.655e-02
300kHz_150dA_100Mss_bobN1C10164.txt	158.9	-6.63	367.42	9.52	57041.50	890.41	3.082343e+05	3.945402e+01	6.410098e+00	616.33	65.879663	4542	4.631e-02
300kHz_150dA_100Mss_bobN1C10165.txt	159.39	-6.52	366.07	9.55	57041.50	890.62	3.083021e+05	3.939991e+01	6.411004e+00	620.00	66.355809	4541	4.629e-02
300kHz_150dA_100Mss_bobN1C10166.txt	159.9	-6.42	367.68	9.61	57041.50	888.55	3.082343e+05	3.940042e+01	6.410980e+00	619.75	66.343173	4542	4.585e-02
300kHz_150dA_100Mss_bobN1C10167.txt	160.42	-6.32	363.75	9.50	57041.50	890.04	3.083021e+05	3.936921e+01	6.410433e+00	616.76	66.056303	4541	4.615e-02
300kHz_150dA_100Mss_bobN1C10168.txt	160.93	-6.21	360.79	9.39	57041.50	889.72	3.083021e+05	3.940659e+01	6.406824e+00	599.93	64.162513	4541	4.602e-02
300kHz_150dA_100Mss_bobN1C10169.txt	161.43	-6.11	362.41	9.43	57041.50	889.98	3.083021e+05	3.936968e+01	6.408120e+00	605.62	64.842712	4541	4.638e-02
300kHz_150dA_100Mss_bobN1C10170.txt	161.93	-6.01	360.61	9.46	57041.50	883.03	3.083021e+05	3.913772e+01	6.407993e+00	601.44	64.776161	4541	4.547e-02
300kHz_150dA_100Mss_bobN1C10171.txt	162.94	-5.81	359.23	9.40	57041.50	889.53	3.083021e+05	3.932395e+01	6.407670e+00	602.74	64.606949	4541	4.537e-02
300kHz_150dA_100Mss_bobN1C10172.txt	163.43	-5.76	358.20	9.42	57041.50	875.27	3.082343e+05	3.882111e+01	6.408538e+00	599.04	65.062504	4542	4.544e-02
300kHz_150dA_100Mss_bobN1C10173.txt	163.97	-5.70	358.18	9.40	57041.50	880.93	3.083021e+05	3.892613e+01	6.407581e+00	596.22	64.560091	4541	4.533e-02
300kHz_150dA_100Mss_bobN1C10174.txt	164.48	-5.60	353.05	9.26	57041.50	880.65	3.083021e+05	3.894938e+01	6.405985e+00	588.97	63.723247	4541	4.525e-02
300kHz_150dA_100Mss_bobN1C10175.txt	164.99	-5.50	353.30	9.28	57041.50	880.55	3.083021e+05	3.890122e+01	6.406744e+00	591.86	64.121623	4541	4.509e-02
300kHz_150dA_100Mss_bobN1C10176.txt	165.5	-5.25	353.99	9.35	57041.50	872.75	3.083021e+05	3.870079e+01	6.407295e+00	591.42	64.410633	4541	4.492e-02
300kHz_150dA_100Mss_bobN1C10177.txt	166.02	-4.98	350.57	9.30	57041.50	874.83	3.083021e+05	3.877465e+01	6.405936e+00	586.09	63.697715	4541	4.479e-02
300kHz_150dA_100Mss_bobN1C10178.txt	166.53	-4.58	350.57	9.17	57041.50	869.72	3.083021e+05	3.854041e+01	6.403589e+00	571.47	62.467490	4541	4.538e-02
300kHz_150dA_100Mss_bobN1C10179.txt	167.05	-4.15	350.17	9.24	57041.50	872.68	3.083021e+05	3.865033e+01	6.405655e+00	582.88	63.550527	4541	4.485e-02
300kHz_150dA_100Mss_bobN1C10180.txt	167.55	-3.70	347.02	9.28	57041.50	874.54	3.083021e+05	3.861988e+01	6.406914e+00	588.38	64.211484	4541	4.417e-02
300kHz_150dA_100Mss_bobN1C10181.txt	168.06	-3.25	345.09	9.20	57041.50	869.05	3.082343e+05	3.848386e+01	6.405524e+00	579.62	63.482344	4542	4.461e-02
300kHz_150dA_100Mss_bobN1C10182.txt	168.56	-2.80	346.75	9.19	57041.50	869.84	3.082343e+05	3.854031e+01	6.405328e+00	579.55	63.379322	4542	4.482e-02
300kHz_150dA_100Mss_bobN1C10183.txt	169.08	-2.32	343.30	9.13	57041.50	868.23	3.083021e+05	3.845799e+01	6.403512e+00	569.88	62.427442	4541	4.450e-02
300kHz_150dA_100Mss_bobN1C10184.txt	169.59	-1.81	343.94	9.28	57041.50	864.22	3.083021e+05	3.831155e+01	6.406677e+00	582.57	64.087220	4541	4.374e-02
300kHz_150dA_100Mss_bobN1C10185.txt	170.1	-1.40	344.43	9.13	57041.50	871.84	3.083021e+05	3.856975e+01	6.402927e+00	568.77	62.120904	4541	4.460e-02
300kHz_150dA_100Mss_bobN1C10186.txt	170.6	-1.40	340.58	9.03	57041.50	867.67	3.083021e+05	3.838331e+01	6.403139e+00	567.02	62.232517	4541	4.448e-02
300kHz_150dA_100Mss_bobN1C10187.txt	171.11	-1.18	337.49	9.01	57041.50	864.60	3.083021e+05	3.816595e+01	6.403316e+00	564.64	62.325188	4541	4.420e-02
300kHz_150dA_100Mss_bobN1C10188.txt	171.63	-0.14	337.27	8.97	57041.50	866.27	3.082343e+05	3.823791e+01	6.401965e+00	559.25	61.617494	4542	4.443e-02
300kHz_150dA_100Mss_bobN1C10189.txt	172.13	0.69	338.82	9.06	57041.50	860.50	3.082343e+05	3.807142e+01	6.402497e+00	559.29	61.896302	4542	4.432e-02
300kHz_150dA_100Mss_bobN1C10190.txt	173.12	1.38	336.92	9.06	57041.50	856.11	3.083021e+05	3.780294e+01	6.403917e+00	562.05	62.640310	4541	4.371e-02
300kHz_150dA_100Mss_bobN1C10191.txt	173.63	1.74	333.61	8.98	57041.50	854.41	3.083021e+05	3.782785e+01	6.402226e+00	554.58	61.754299	4541	4.378e-02
300kHz_150dA_100Mss_bobN1C10192.txt	174.13	2.00	333.84	9.01	57041.50	859.59	3.083021e+05	3.800972e+01	6.402116e+00	556.73	61.697048	4541	4.362e-02
300kHz_150dA_100Mss_bobN1C10193.txt	174.63	2.00	333.59	8.94	57041.50	850.32	3.083021e+05	3.769888e+01	6.400621e+00	545.27	60.913514	4541	4.397e-02
300kHz_150dA_100Mss_bobN1C10194.txt	175.14	2.25	331.17	8.93	57041.50	850.60	3.083021e+05	3.768328e+01	6.400927e+00	546.46	61.074096	4541	4.357e-02
300kHz_150dA_100Mss_bobN1C10195.txt	175.64	3.15	330.60	8.94	57041.50	849.03	3.083021e+05	3.759136e+01	6.401609e+00	548.27	61.431236	4541	4.346e-02
300kHz_150dA_100Mss_bobN1C10196.txt	176.14	3.83	330.14	8.82	57041.50	853.81	3.083021e+05	3.770100e+01	6.399344e+00	539.40	60.245115	4541	4.403e-02
300kHz_150dA_100Mss_bobN1C10197.txt	176.73	3.95	327.35	8.67	57041.50	854.59	3.082343e+05	3.777049e+01	6.396155e+00	525.50	58.576547	4542	4.415e-02
300kHz_150dA_100Mss_bobN1C10198.txt	177.23	4.21	327.71	8.85	57041.50	848.43	3.082343e+05	3.754518e+01	6.399702e+00	538.70	60.433314	4542	4.362e-02
300kHz_150dA_100Mss_bobN1C10199.txt	177.76	4.68	324.76	8.87	57041.50	842.61	3.083021e+05	3.731034e+01	6.400911e+00	540.98	61.066154	4541	4.288e-02
300kHz_150dA_100Mss_bobN1C10200.txt	178.26	5.11	324.79	8.81	57041.50	845.37	3.083021e+05	3.735642e+01	6.399077e+00	533.25	60.106424	4541	4.332e-02
300kHz_150dA_100Mss_bobN1C10201.txt	178.78	5.52	326.58	8.89	57041.50	849.37	3.083021e+05	3.754324e+01	6.400492e+00	542.43	60.847019	4541	4.308e-02
300kHz_150dA_100Mss_bobN1C10202.txt	179.29	5.90	324.54	8.80	57041.50	847.07	3.082343e+05	3.751132e+01	6.398230e+00	531.44	59.662743	4542	4.300e-02
300kHz_150dA_100Mss_bobN1C10203.txt	179.78	6.25	322.59	8.58	57041.50	852.69	3.082343e+05	3.761530e+01	6.394595e+00	516.15	57.760890	4542	4.396e-02
300kHz_150dA_100Mss_bobN1C10204.txt	180.28	6.57	324.31	8.73	57041.50	845.80	3.083021e+05	3.737903e+01	6.397608e+00	526.84	59.337344	4541	4.361e-02
300kHz_150dA_100Mss_bobN1C10205.txt	180.78	6.87	319.90	8.62	57041.50	848.50	3.083021e+05	3.742921e+01	6.396717e+00	523.45	58.870742	4541	4.310e-02
300kHz_150dA_100Mss_bobN1C10206.txt	181.29	7.12	319.67	8.66	57041.50	847.33	3.082343e+05	3.741940e+01	6.397902e+00	528.64	59.491284	4542	4.284e-02
300kHz_150dA_100Mss_bobN1C10207.txt	181.78	7.31	317.98	8.69	57041.50	840.82	3.082343e+05	3.716694e+01	6.397691e+00	524.11	59.381006	4542	4.245e-02
300kHz_150dA_100Mss_bobN1C10208.txt	182.28	7.48	319.68	8.72	57041.50	839.85	3.083021e+05	3.712849e+01	6.398215e+00	526.07	59.655543	4541	4.291e-02
300kHz_150dA_100Mss_bobN1C10209.txt	183.31	7.82	315.89	8.54	57041.50	843.05	3.082343e+05	3.725733e+01	6.394339e+00	510.07	57.627657	4542	4.303e-02
300kHz_150dA_100Mss_bobN1C10210.txt	183.82	8.03	317.18	8.60	57041.50	843.42	3.083021e+05	3.728617e+01	6.394951e+00	513.38	57.947854	4541	4.282e-02
300kHz_150dA_100Mss_bobN1C10211.txt	184.33	8.17	316.13	8.58	57041.50	841.51	3.083021e+05	3.717124e+01	6.395162e+00	512.75	58.058048	4541	4.264e-02
300kHz_150dA_100Mss_bobN1C10212.txt	184.83	8.27	316.38	8.60	57041.50	838.46	3.082343e+05	3.716136e+01	6.395524e+00	514.16	58.247572	4542	4.297e-02
300kHz_150dA_100Mss_bobN1C10213.txt	185.32	8.24	315.23	8.70	57041.50	830.92	3.083021e+05	3.680410e+01	6.398877e+00	524.46	60.001929	4541	4.230e-02
300kHz_150dA_100Mss_bobN1C10214.txt	185.82	8.14	315.03	8.57	57041.50	831.75	3.083021e+05	3.679414e+01	6.395909e+00	510.93	58.449219	4541	4.255e-02
300kHz_150dA_100Mss_bobN1C10215.txt	186.34	8.20	314.86	8.55	57041.50	838.56	3.083021e+05	3.704362e+01	6.395679e+00	513.34	58.328795	4541	4.263e-02
300kHz_150dA_100Mss_bobN1C10216.txt	186.84	8.35	312.20	8.51	57041.50	838.44	3.082343e+05	3.710688e+01	6.393955e+00	506.26	57.426981	4542	4.260e-02
300kHz_150dA_100Mss_bobN1C10217.txt	187.35	8.57	313.42	8.53	57041.50	838.33	3.082343e+05	3.710658e+01	6.394905e+00	510.58	57.923915	4542	4.259e-02
300kHz_150dA_100Mss_bobN1C10218.txt	187.85	8.82	310.42	8.43	57041.50	839.36	3.082343e+05	3.711588e+01	6.393356e+00	503.66	57.113936	4542	4.220e-02
300kHz_150dA_100Mss_bobN1C10219.txt	188.34	9.27	309.99	8.37	57041.50	844.53	3.083021e+05	3.722347e+01	6.393611e+00	506.39	57.247446	4541	4.269e-02
300kHz_150dA_100Mss_bobN1C10220.txt	188.84	9.82	308.82	8.39	57041.50	839.40	3.083021e+05	3.716467e+01	6.392202e+00	499.17	56.510830	4541	4.263e-02
300kHz_150dA_100Mss_bobN1C10221.txt	189.34	10.34	307.77	8.33	57041.50	839.12	3.083021e+05	3.714106e+01	6.390835e+00	492.62	55.796724	4541	4.238e-02
300kHz_150dA_100Mss_bobN1C10222.txt	189.83	10.83	310.20	8.39	57041.50	837.90	3.083021e+05	3.711260e+01	6.392391e+00	499.33	56.609730	4541	4.269e-02
300kHz_150dA_100Mss_bobN1C10223.txt	190.32	11.42	305.08	8.20	57041.50	840.94	3.083021e+05	3.713838e+01	6.388700e+00	482.85	54.681671	4541	4.269e-02
300kHz_150dA_100Mss_bobN1C10224.txt	190.81	12.05	308.60	8.31	57041.50	853.34	3.082343e+05	3.754887e+01	6.392115e+00	503.82	56.465996	4542	4.248e-02
300kHz_150dA_100Mss_bobN1C10225.txt	191.31	12.67	305.84	8.32	57041.50	839.23	3.082343e+05	3.712050e+01	6.391457e+00	495.07	56.122355	4542	4.211e-02
300kHz_150dA_100Mss_bobN1C10226.txt	191.81	13.27	306.48	8.32	57041.50	833.68	3.083021e+05	3.686984e+01	6.391626e+00	492.60	56.210081	4541	4.213e-02
300kHz_150dA_100Mss_bobN1C10227.txt	192.32	13.72	305.82	8.31	57041.50	834.96	3.083021e+05	3.686694e+01	6.393074e+00	499.11	56.966668	4541	4.199e-02
300kHz_150dA_100Mss_bobN1C10228.txt	193.33	14.63	303.33	8.19	57041.50	835.94	3.083021e+05	3.686237e+01	6.389703e+00	483.80	55.205584	4541	4.227e-02
300kHz_150dA_100Mss_bobN1C10229.txt	193.84	15.29	303.39	8.23	57041.50	841.60	3.083021e+05	3.718176e+01	6.389671e+00	487.85	55.188855	4541	4.204e-02
300kHz_150dA_100Mss_bobN1C10230.txt	194.35	15.81	303.82	8.17	57041.50	840.47	3.083021e+05	3.711705e+01	6.388672e+00	482.44	54.666844	4541	4.246e-02
300kHz_150dA_100Mss_bobN1C10231.txt	194.85	16.26	302.93	8.14	57041.50	844.74	3.082343e+05	3.728277e+01	6.388458e+00	483.51	54.555481	4542	4.283e-02
300kHz_150dA_100Mss_bobN1C10232.txt	195.36	16.90	302.31	8.14	57041.50	837.82	3.083021e+05	3.703741e+01	6.387751e+00	477.22	54.186157	4541	4.235e-02
300kHz_150dA_100Mss_bobN1C10233.txt	195.85	17.59	301.70	8.12	57041.50	852.61	3.083021e+05	3.757646e+01	6.387728e+00	484.06	54.174487	4541	4.242e-02
300kHz_150dA_100Mss_bobN1C10234.txt	196.44	17.98	299.36	8.01	57041.50	848.97	3.083021e+05	3.737159e+01	6.386812e+00	477.22	53.696186	4541	4.270e-02
300kHz_150dA_100Mss_bobN1C10235.txt	196.94	18.18	300.81	8.18	57041.50	839.90	3.082343e+05	3.705715e+01	6.390319e+00	489.05	55.528068	4542	4.178e-02
300kHz_150dA_100Mss_bobN1C10236.txt	197.5	18.65	298.71	8.03	57041.50	837.85	3.083021e+05	3.701063e+01	6.386500e+00	471.19	53.532906	4541	4.257e-02
300kHz_150dA_100Mss_bobN1C10237.txt	197.99	19.09	297.82	7.95	57041.50	840.49	3.083021e+05	3.707487e+01	6.384479e+00	462.81	52.478294	4541	4.288e-02
300kHz_150dA_100Mss_bobN1C10238.txt	198.5	19.50	297.77	8.03	57041.50	839.74	3.082343e+05	3.707591e+01	6.386876e+00	473.63	53.729343	4542	4.240e-02
300kHz_150dA_100Mss_bobN1C10239.txt	199.05	19.96	296.09	8.00	57041.50	843.42	3.083021e+05	3.717049e+01	6.387182e+00	476.34	53.889384	4541	4.226e-02
300kHz_150dA_100Mss_bobN1C10240.txt	199.57	20.53	297.35	8.02	57041.50	836.25	3.083021e+05	3.695244e+01	6.386123e+00	468.74	53.336875	4541	4.229e-02
300kHz_150dA_100Mss_bobN1C10241.txt	200.11	21.08	293.09	7.88	57041.50	850.98	3.082343e+05	3.752212e+01	6.384112e+00	466.60	52.287359	4542	4.256e-02
300kHz_150dA_100Mss_bobN1C10242.txt	200.66	21.46	295.47	7.86	57041.50	859.07	3.083021e+05	3.769993e+01	6.384584e+00	471.10	52.533676	4541	4.283e-02
300kHz_150dA_100Mss_bobN1C10243.txt	201.18	21.81	293.03	7.81	57041.50	856.58	3.083021e+05	3.763593e+01	6.382471e+00	460.53	51.431383	4541	4.290e-02
300kHz_150dA_100Mss_bobN1C10244.txt	201.67	22.10	291.94	7.85	57041.50	844.68	3.083021e+05	3.720497e+01	6.383273e+00	458.92	51.849727	4541	4.251e-02
300kHz_150dA_100Mss_bobN1C10245.txt	202.19	22.41	293.54	7.83	57041.50	856.08	3.083021e+05	3.764284e+01	6.382210e+00	459.41	51.295702	4541	4.286e-02
300kHz_150dA_100Mss_bobN1C10246.txt	202.72	22.73	289.78	7.75	57041.50	846.53	3.083021e+05	3.723280e+01	6.381848e+00	452.75	51.106599	4541	4.276e-02
300kHz_150dA_100Mss_bobN1C10247.txt	203.73	23.41	289.34	7.81	57041.50	834.69	3.083021e+05	3.682232e+01	6.382305e+00	449.83	51.345033	4541	4.223e-02
300kHz_150dA_100Mss_bobN1C10248.txt	204.28	23.80	288.63	7.87	57041.50	825.92	3.082343e+05	3.646890e+01	6.383960e+00	452.82	52.208157	4542	4.197e-02
300kHz_150dA_100Mss_bobN1C10249.txt	204.78	24.15	286.49	7.75	57041.50	835.84	3.083021e+05	3.679025e+01	6.381715e+00	446.77	51.037909	4541	4.218e-02
300kHz_150dA_100Mss_bobN1C10250.txt	205.29	24.44	286.83	7.73	57041.50	833.98	3.082343e+05	3.670375e+01	6.381769e+00	445.86	51.065833	4542	4.220e-02
300kHz_150dA_100Mss_bobN1C10251.txt	205.83	24.72	286.06	7.72	57041.50	837.59	3.083021e+05	3.686171e+01	6.381430e+00	446.34	50.888832	4541	4.215e-02
300kHz_150dA_100Mss_bobN1C10252.txt	206.33	24.97	287.61	7.80	57041.50	838.36	3.083021e+05	3.693583e+01	6.383145e+00	455.02	51.783691	4541	4.199e-02
300kHz_150dA_100Mss_bobN1C10253.txt	206.84	25.22	284.38	7.66	57041.50	846.07	3.082343e+05	3.722258e+01	6.380706e+00	447.30	50.511439	4542	4.200e-02
300kHz_150dA_100Mss_bobN1C10254.txt	207.35	25.51	287.20	7.77	57041.50	834.50	3.083021e+05	3.675263e+01	6.382353e+00	449.19	51.370284	4541	4.213e-02
300kHz_150dA_100Mss_bobN1C10255.txt	207.86	25.82	282.68	7.66	57041.50	833.35	3.083021e+05	3.667159e+01	6.379815e+00	436.77	50.047249	4541	4.213e-02
300kHz_150dA_100Mss_bobN1C10256.txt	208.36	26.01	282.97	7.67	57041.50	833.32	3.083021e+05	3.669763e+01	6.380214e+00	438.87	50.255085	4541	4.203e-02
300kHz_150dA_100Mss_bobN1C10257.txt	208.86	26.16	281.91	7.66	57041.50	833.56	3.082343e+05	3.670274e+01	6.380710e+00	441.07	50.513770	4542	4.162e-02
300kHz_150dA_100Mss_bobN1C10258.txt	209.36	26.42	278.54	7.57	57041.50	835.98	3.083021e+05	3.672143e+01	6.378751e+00	432.56	49.492551	4541	4.194e-02
300kHz_150dA_100Mss_bobN1C10259.txt	209.88	26.73	278.01	7.55	57041.50	839.40	3.082343e+05	3.682088e+01	6.378394e+00	432.02	49.306842	4542	4.161e-02
300kHz_150dA_100Mss_bobN1C10260.txt	210.4	27.20	279.87	7.58	57041.50	828.80	3.083021e+05	3.649902e+01	6.377941e+00	426.31	49.070773	4541	4.214e-02
300kHz_150dA_100Mss_bobN1C10261.txt	210.92	27.72	279.00	7.51	57041.50	834.16	3.082343e+05	3.668168e+01	6.376841e+00	423.39	48.497389	4542	4.204e-02
300kHz_150dA_100Mss_bobN1C10262.txt	211.42	28.05	278.59	7.55	57041.50	833.08	3.082343e+05	3.669995e+01	6.378315e+00	430.24	49.265597	4542	4.170e-02
300kHz_150dA_100Mss_bobN1C10263.txt	211.91	28.35	279.38	7.53	57041.50	835.51	3.083021e+05	3.676768e+01	6.376984e+00	425.12	48.571723	4541	4.194e-02
300kHz_150dA_100Mss_bobN1C10264.txt	212.4	28.56	278.12	7.56	57041.50	830.77	3.083021e+05	3.656751e+01	6.378374e+00	429.05	49.296529	4541	4.153e-02
300kHz_150dA_100Mss_bobN1C10265.txt	212.91	28.76	277.48	7.49	57041.50	838.68	3.083021e+05	3.685442e+01	6.376813e+00	425.35	48.482775	4541	4.186e-02
300kHz_150dA_100Mss_bobN1C10266.txt	213.89	29.07	276.52	7.42	57041.50	848.94	3.082343e+05	3.721824e+01	6.375551e+00	423.68	47.825556	4542	4.212e-02
300kHz_150dA_100Mss_bobN1C10267.txt	214.47	29.34	278.55	7.48	57041.50	847.70	3.083021e+05	3.718561e+01	6.376020e+00	425.54	48.070363	4541	4.207e-02
300kHz_150dA_100Mss_bobN1C10268.txt	214.98	29.59	275.45	7.45	57041.50	838.06	3.082343e+05	3.680420e+01	6.376312e+00	422.41	48.222412	4542	4.179e-02
300kHz_150dA_100Mss_bobN1C10269.txt	215.49	29.85	276.19	7.49	57041.50	837.71	3.083021e+05	3.677087e+01	6.377936e+00	429.46	49.068065	4541	4.154e-02
300kHz_150dA_100Mss_bobN1C10270.txt	216.0	30.10	275.57	7.48	57041.50	834.47	3.082343e+05	3.671830e+01	6.375706e+00	418.69	47.906983	4542	4.163e-02
300kHz_150dA_100Mss_bobN1C10271.txt	216.56	30.32	275.27	7.44	57041.50	827.60	3.083021e+05	3.639880e+01	6.375991e+00	416.41	48.054920	4541	4.174e-02
300kHz_150dA_100Mss_bobN1C10272.txt	217.05	30.53	272.19	7.42	57041.50	826.20	3.083021e+05	3.630060e+01	6.376665e+00	418.29	48.406206	4541	4.140e-02
300kHz_150dA_100Mss_bobN1C10273.txt	217.55	30.78	275.56	7.44	57041.50	832.95	3.083021e+05	3.649441e+01	6.376591e+00	420.20	48.368159	4541	4.171e-02
300kHz_150dA_100Mss_bobN1C10274.txt	218.04	31.02	272.51	7.39	57041.50	832.10	3.082343e+05	3.659629e+01	6.375386e+00	415.86	47.740273	4542	4.166e-02
300kHz_150dA_100Mss_bobN1C10275.txt	218.54	31.22	269.93	7.36	57041.50	830.60	3.082343e+05	3.648094e+01	6.374835e+00	412.07	47.453269	4542	4.098e-02
