# Configuracion:
# Concentracion g/m^3_=_14924.999999999998
# C_Vs_to_Am_M_A/Vsm_=_116720831517.84952
# pendiente_HvsI_1/m_=_3716.3
# ordenada_HvsI_A/m_=_1297.0
# frecuencia_ref_Hz_=_308262.3846922737
# 
Resultados:
# tau_s_=_(7.84+/-1.55)e+01
# dphi_rad_=_6.43+/-0.03
# SAR_W/g_=_664.61+/-84.85
# Hc_kA/m_=_10.41+/-1.46
# Mr_A/m_=_347.62+/-72.76
# Suceptibilidad_a_M=0_=_0.0410+/-0.0118
Nombre_archivo	Time_m_(s)	Temperatura_(ºC)	Mr_(A/m)	Hc_(kA/m)	Campo_max_(A/m)	Mag_max_(A/m)	f0	mag0	dphi0	SAR_(W/g)	Tau_(ns)	N	xi_M_0
300kHz_150dA_100Mss_bobN1C10008.txt	112.98	-190.14	282.73	14.84	57041.50	831.46	3.083021e+05	3.373417e+01	6.507137e+00	924.85	117.598692	4541	2.155e-02
300kHz_150dA_100Mss_bobN1C10009.txt	113.49	-183.73	287.94	14.96	57041.50	826.10	3.083021e+05	3.374270e+01	6.511013e+00	940.82	119.706508	4541	2.180e-02
300kHz_150dA_100Mss_bobN1C10010.txt	113.98	-177.46	287.85	14.86	57041.50	815.56	3.083021e+05	3.346021e+01	6.509414e+00	926.51	118.836367	4541	2.189e-02
300kHz_150dA_100Mss_bobN1C10011.txt	114.48	-170.43	287.62	14.82	57041.50	799.56	3.082343e+05	3.290488e+01	6.510051e+00	913.45	119.182730	4542	2.205e-02
300kHz_150dA_100Mss_bobN1C10012.txt	114.99	-163.24	283.34	14.73	57041.50	781.73	3.083021e+05	3.229783e+01	6.508777e+00	891.85	118.490311	4541	2.187e-02
300kHz_150dA_100Mss_bobN1C10013.txt	115.53	-159.76	282.37	14.76	57041.50	761.76	3.082343e+05	3.159921e+01	6.511088e+00	881.15	119.747374	4542	2.184e-02
300kHz_150dA_100Mss_bobN1C10014.txt	116.25	-153.58	281.00	14.52	57041.50	754.37	3.083021e+05	3.131668e+01	6.509095e+00	865.95	118.663292	4541	2.199e-02
300kHz_150dA_100Mss_bobN1C10015.txt	116.76	-147.00	275.50	14.24	57041.50	745.51	3.083021e+05	3.103383e+01	6.505466e+00	844.58	116.691453	4541	2.191e-02
300kHz_150dA_100Mss_bobN1C10016.txt	117.28	-140.79	271.86	14.47	57041.50	719.64	3.083021e+05	3.015185e+01	6.509932e+00	836.78	119.118515	4541	2.136e-02
300kHz_150dA_100Mss_bobN1C10017.txt	117.78	-135.24	271.32	14.42	57041.50	710.07	3.083021e+05	2.980650e+01	6.508576e+00	822.33	118.381235	4541	2.147e-02
300kHz_150dA_100Mss_bobN1C10018.txt	118.29	-128.94	269.27	14.31	57041.50	704.82	3.083021e+05	2.959201e+01	6.508463e+00	816.01	118.319917	4541	2.145e-02
300kHz_150dA_100Mss_bobN1C10019.txt	119.32	-119.50	259.62	14.05	57041.50	684.47	3.083021e+05	2.891428e+01	6.505204e+00	785.98	116.550805	4541	2.087e-02
300kHz_150dA_100Mss_bobN1C10020.txt	119.82	-119.50	263.25	13.82	57041.50	692.81	3.083021e+05	2.914564e+01	6.501674e+00	779.88	114.636481	4541	2.155e-02
300kHz_150dA_100Mss_bobN1C10021.txt	120.32	-115.08	259.44	13.83	57041.50	678.20	3.083021e+05	2.872736e+01	6.501307e+00	767.41	114.438411	4541	2.120e-02
300kHz_150dA_100Mss_bobN1C10022.txt	120.84	-107.91	256.56	13.74	57041.50	673.14	3.083021e+05	2.860198e+01	6.499498e+00	757.82	113.458741	4541	2.106e-02
300kHz_150dA_100Mss_bobN1C10023.txt	121.34	-105.70	254.96	13.47	57041.50	680.37	3.082343e+05	2.885611e+01	6.495276e+00	749.70	111.176469	4542	2.141e-02
300kHz_150dA_100Mss_bobN1C10024.txt	121.85	-105.70	251.75	13.27	57041.50	675.45	3.082343e+05	2.863263e+01	6.492935e+00	735.80	109.912348	4542	2.145e-02
300kHz_150dA_100Mss_bobN1C10025.txt	122.34	-101.62	250.92	13.33	57041.50	665.43	3.083021e+05	2.829991e+01	6.493131e+00	728.08	110.017731	4541	2.131e-02
300kHz_150dA_100Mss_bobN1C10026.txt	122.83	-95.74	247.26	13.15	57041.50	663.61	3.082343e+05	2.826471e+01	6.491625e+00	721.88	109.205620	4542	2.109e-02
300kHz_150dA_100Mss_bobN1C10027.txt	123.33	-93.70	246.12	12.95	57041.50	661.83	3.082343e+05	2.817800e+01	6.488225e+00	708.09	107.372981	4542	2.131e-02
300kHz_150dA_100Mss_bobN1C10028.txt	123.84	-93.70	245.84	12.75	57041.50	670.44	3.083021e+05	2.847573e+01	6.483788e+00	700.45	104.984388	4541	2.159e-02
300kHz_150dA_100Mss_bobN1C10029.txt	124.33	-92.05	243.02	12.87	57041.50	655.80	3.082343e+05	2.796388e+01	6.486688e+00	697.51	106.545080	4542	2.113e-02
300kHz_150dA_100Mss_bobN1C10030.txt	124.83	-89.55	244.26	12.65	57041.50	661.41	3.083021e+05	2.818065e+01	6.483922e+00	693.65	105.056412	4541	2.156e-02
300kHz_150dA_100Mss_bobN1C10031.txt	125.34	-87.10	244.82	12.55	57041.50	665.45	3.082343e+05	2.842925e+01	6.481484e+00	691.23	103.746284	4542	2.183e-02
300kHz_150dA_100Mss_bobN1C10032.txt	125.85	-84.71	243.28	12.35	57041.50	668.44	3.082343e+05	2.858147e+01	6.476705e+00	678.40	101.180830	4542	2.214e-02
300kHz_150dA_100Mss_bobN1C10033.txt	126.35	-82.53	243.03	12.42	57041.50	663.26	3.082343e+05	2.838452e+01	6.477677e+00	677.06	101.702490	4542	2.199e-02
300kHz_150dA_100Mss_bobN1C10034.txt	126.86	-80.39	244.60	12.22	57041.50	671.08	3.083021e+05	2.872906e+01	6.473804e+00	671.95	99.626823	4541	2.247e-02
300kHz_150dA_100Mss_bobN1C10035.txt	127.36	-78.36	244.18	12.13	57041.50	673.08	3.083021e+05	2.877892e+01	6.471730e+00	665.88	98.516858	4541	2.264e-02
300kHz_150dA_100Mss_bobN1C10036.txt	127.89	-76.24	244.29	12.10	57041.50	666.55	3.082343e+05	2.860367e+01	6.472584e+00	664.64	98.974253	4542	2.274e-02
300kHz_150dA_100Mss_bobN1C10037.txt	128.42	-74.25	244.60	12.06	57041.50	674.02	3.083021e+05	2.897587e+01	6.469932e+00	664.12	97.555430	4541	2.289e-02
300kHz_150dA_100Mss_bobN1C10038.txt	129.41	-70.71	244.23	11.88	57041.50	675.06	3.083021e+05	2.908273e+01	6.469179e+00	663.91	97.152882	4541	2.311e-02
300kHz_150dA_100Mss_bobN1C10039.txt	129.96	-68.84	244.75	11.78	57041.50	679.36	3.082343e+05	2.919291e+01	6.466946e+00	658.37	95.960401	4542	2.325e-02
300kHz_150dA_100Mss_bobN1C10040.txt	130.45	-66.63	247.45	11.85	57041.50	672.35	3.083021e+05	2.898619e+01	6.467748e+00	656.67	96.388440	4541	2.340e-02
300kHz_150dA_100Mss_bobN1C10041.txt	130.94	-64.38	246.25	11.57	57041.50	683.22	3.083021e+05	2.936966e+01	6.464434e+00	653.55	94.618384	4541	2.373e-02
300kHz_150dA_100Mss_bobN1C10042.txt	131.44	-62.78	247.37	11.41	57041.50	697.12	3.083021e+05	2.987562e+01	6.461646e+00	654.69	93.131667	4541	2.403e-02
300kHz_150dA_100Mss_bobN1C10043.txt	131.94	-61.28	244.73	11.45	57041.50	684.01	3.082343e+05	2.949787e+01	6.462394e+00	648.95	93.530377	4542	2.376e-02
300kHz_150dA_100Mss_bobN1C10044.txt	132.53	-59.67	247.54	11.35	57041.50	698.35	3.083021e+05	3.001394e+01	6.457652e+00	643.15	91.003853	4541	2.430e-02
300kHz_150dA_100Mss_bobN1C10045.txt	133.07	-58.23	246.31	11.34	57041.50	688.95	3.082343e+05	2.968445e+01	6.458780e+00	640.02	91.605153	4542	2.426e-02
300kHz_150dA_100Mss_bobN1C10046.txt	133.58	-56.95	247.79	11.34	57041.50	696.78	3.083021e+05	2.998113e+01	6.456334e+00	637.64	90.303717	4541	2.441e-02
300kHz_150dA_100Mss_bobN1C10047.txt	134.11	-55.77	248.89	11.27	57041.50	696.03	3.082343e+05	2.999142e+01	6.455668e+00	635.29	89.948891	4542	2.472e-02
300kHz_150dA_100Mss_bobN1C10048.txt	134.62	-55.16	244.60	11.06	57041.50	697.24	3.082343e+05	3.008537e+01	6.452468e+00	625.57	88.246689	4542	2.472e-02
300kHz_150dA_100Mss_bobN1C10049.txt	135.13	-54.40	242.29	11.04	57041.50	690.76	3.083021e+05	2.986422e+01	6.453452e+00	624.69	88.769844	4541	2.446e-02
300kHz_150dA_100Mss_bobN1C10050.txt	135.65	-53.20	246.22	11.07	57041.50	689.66	3.083021e+05	2.976208e+01	6.455195e+00	628.86	89.696667	4541	2.478e-02
300kHz_150dA_100Mss_bobN1C10051.txt	136.15	-52.05	247.95	11.12	57041.50	693.82	3.082343e+05	2.996443e+01	6.452028e+00	621.46	88.013221	4542	2.507e-02
300kHz_150dA_100Mss_bobN1C10052.txt	136.66	-50.88	243.71	10.91	57041.50	697.09	3.082343e+05	3.017773e+01	6.449647e+00	617.14	86.749354	4542	2.482e-02
300kHz_150dA_100Mss_bobN1C10053.txt	137.26	-49.58	245.01	10.78	57041.50	713.67	3.083021e+05	3.077661e+01	6.447032e+00	619.72	85.360804	4541	2.519e-02
300kHz_150dA_100Mss_bobN1C10054.txt	137.78	-48.54	245.13	10.72	57041.50	716.26	3.083021e+05	3.079705e+01	6.447587e+00	622.21	85.655536	4541	2.531e-02
300kHz_150dA_100Mss_bobN1C10055.txt	138.3	-47.50	244.77	10.77	57041.50	704.18	3.082343e+05	3.043120e+01	6.448359e+00	617.55	86.064912	4542	2.528e-02
300kHz_150dA_100Mss_bobN1C10056.txt	138.82	-46.46	247.30	10.86	57041.50	694.75	3.083021e+05	3.007130e+01	6.446254e+00	602.67	84.947761	4541	2.561e-02
300kHz_150dA_100Mss_bobN1C10057.txt	139.82	-43.97	244.34	10.71	57041.50	702.00	3.083021e+05	3.047474e+01	6.443999e+00	602.38	83.752521	4541	2.556e-02
300kHz_150dA_100Mss_bobN1C10058.txt	140.4	-42.78	247.25	10.61	57041.50	715.52	3.083021e+05	3.091999e+01	6.441909e+00	603.31	82.645398	4541	2.598e-02
300kHz_150dA_100Mss_bobN1C10059.txt	140.9	-41.88	245.49	10.61	57041.50	707.62	3.083021e+05	3.063534e+01	6.443972e+00	605.46	83.738788	4541	2.575e-02
300kHz_150dA_100Mss_bobN1C10060.txt	141.51	-40.88	248.75	10.45	57041.50	726.77	3.083021e+05	3.134225e+01	6.440543e+00	606.33	81.921825	4541	2.638e-02
300kHz_150dA_100Mss_bobN1C10061.txt	142.01	-40.08	247.01	10.47	57041.50	724.73	3.083021e+05	3.133534e+01	6.440647e+00	606.59	81.977246	4541	2.610e-02
300kHz_150dA_100Mss_bobN1C10062.txt	142.52	-39.27	248.56	10.62	57041.50	713.57	3.083021e+05	3.092094e+01	6.444514e+00	613.14	84.026325	4541	2.593e-02
300kHz_150dA_100Mss_bobN1C10063.txt	143.03	-38.46	246.43	10.46	57041.50	703.80	3.083021e+05	3.058466e+01	6.442780e+00	600.01	83.106655	4541	2.608e-02
300kHz_150dA_100Mss_bobN1C10064.txt	143.52	-37.77	248.58	10.42	57041.50	707.25	3.083021e+05	3.069936e+01	6.440657e+00	594.32	81.981887	4541	2.650e-02
300kHz_150dA_100Mss_bobN1C10065.txt	144.03	-37.06	248.26	10.48	57041.50	703.92	3.083021e+05	3.059803e+01	6.444406e+00	606.34	83.967921	4541	2.626e-02
300kHz_150dA_100Mss_bobN1C10066.txt	144.54	-36.34	250.25	10.45	57041.50	707.90	3.083021e+05	3.071030e+01	6.443695e+00	605.90	83.591997	4541	2.656e-02
300kHz_150dA_100Mss_bobN1C10067.txt	145.04	-35.64	248.03	10.37	57041.50	713.59	3.083021e+05	3.099712e+01	6.441694e+00	604.00	82.532187	4541	2.654e-02
300kHz_150dA_100Mss_bobN1C10068.txt	145.55	-34.93	250.88	10.35	57041.50	721.09	3.083021e+05	3.128012e+01	6.440785e+00	606.05	82.050978	4541	2.693e-02
300kHz_150dA_100Mss_bobN1C10069.txt	146.04	-34.25	250.61	10.31	57041.50	714.27	3.083021e+05	3.108896e+01	6.439887e+00	598.94	81.574716	4541	2.701e-02
300kHz_150dA_100Mss_bobN1C10070.txt	146.54	-33.60	252.66	10.34	57041.50	716.90	3.083021e+05	3.127206e+01	6.438910e+00	598.74	81.058038	4541	2.724e-02
300kHz_150dA_100Mss_bobN1C10071.txt	147.05	-32.94	250.77	10.19	57041.50	718.20	3.083021e+05	3.130125e+01	6.436851e+00	591.44	79.968832	4541	2.742e-02
300kHz_150dA_100Mss_bobN1C10072.txt	147.56	-32.33	252.07	10.10	57041.50	729.19	3.083021e+05	3.165797e+01	6.437087e+00	599.09	80.094401	4541	2.769e-02
300kHz_150dA_100Mss_bobN1C10073.txt	148.05	-31.74	252.91	10.12	57041.50	726.55	3.083021e+05	3.162703e+01	6.436669e+00	596.89	79.873410	4541	2.791e-02
300kHz_150dA_100Mss_bobN1C10074.txt	148.57	-31.12	255.32	10.04	57041.50	743.01	3.082343e+05	3.227925e+01	6.434763e+00	601.56	78.866349	4542	2.846e-02
300kHz_150dA_100Mss_bobN1C10075.txt	149.08	-30.50	256.32	10.16	57041.50	730.08	3.083021e+05	3.180647e+01	6.436545e+00	599.80	79.808798	4541	2.824e-02
300kHz_150dA_100Mss_bobN1C10076.txt	150.09	-29.29	262.12	10.09	57041.50	735.42	3.083021e+05	3.200952e+01	6.437710e+00	608.18	80.424209	4541	2.915e-02
300kHz_150dA_100Mss_bobN1C10077.txt	150.59	-28.69	264.90	10.01	57041.50	743.04	3.083021e+05	3.243144e+01	6.433600e+00	599.93	78.251288	4541	2.986e-02
300kHz_150dA_100Mss_bobN1C10078.txt	151.11	-28.09	265.42	9.82	57041.50	744.32	3.083021e+05	3.247555e+01	6.430330e+00	587.78	76.524639	4541	3.051e-02
300kHz_150dA_100Mss_bobN1C10079.txt	151.63	-27.57	269.40	9.99	57041.50	745.79	3.083021e+05	3.263704e+01	6.431965e+00	597.22	77.388053	4541	3.060e-02
300kHz_150dA_100Mss_bobN1C10080.txt	152.12	-27.14	272.35	9.83	57041.50	746.81	3.083021e+05	3.268451e+01	6.430661e+00	592.88	76.698905	4541	3.147e-02
300kHz_150dA_100Mss_bobN1C10081.txt	152.63	-26.88	273.43	9.84	57041.50	752.74	3.083021e+05	3.296908e+01	6.430831e+00	598.73	76.789652	4541	3.160e-02
300kHz_150dA_100Mss_bobN1C10082.txt	153.15	-26.55	273.74	9.68	57041.50	772.31	3.083021e+05	3.375733e+01	6.425844e+00	592.48	74.160298	4541	3.205e-02
300kHz_150dA_100Mss_bobN1C10083.txt	153.64	-26.06	279.13	9.68	57041.50	778.99	3.083021e+05	3.409387e+01	6.425652e+00	597.59	74.058691	4541	3.277e-02
300kHz_150dA_100Mss_bobN1C10084.txt	154.13	-25.43	280.97	9.49	57041.50	781.72	3.083021e+05	3.420108e+01	6.422146e+00	584.81	72.211566	4541	3.351e-02
300kHz_150dA_100Mss_bobN1C10085.txt	154.63	-24.38	288.39	9.53	57041.50	788.80	3.082343e+05	3.444565e+01	6.423585e+00	594.92	72.969538	4542	3.436e-02
300kHz_150dA_100Mss_bobN1C10086.txt	155.13	-23.60	291.90	9.61	57041.50	776.57	3.082343e+05	3.411735e+01	6.425421e+00	596.91	73.936824	4542	3.471e-02
300kHz_150dA_100Mss_bobN1C10087.txt	155.64	-23.60	297.53	9.63	57041.50	787.37	3.083021e+05	3.465156e+01	6.424484e+00	602.42	73.443528	4541	3.568e-02
300kHz_150dA_100Mss_bobN1C10088.txt	156.15	-23.33	303.20	9.68	57041.50	794.79	3.082343e+05	3.493013e+01	6.427175e+00	618.61	74.861982	4542	3.626e-02
300kHz_150dA_100Mss_bobN1C10089.txt	156.66	-22.41	307.12	9.66	57041.50	795.02	3.083021e+05	3.498311e+01	6.425437e+00	612.26	73.946177	4541	3.700e-02
300kHz_150dA_100Mss_bobN1C10090.txt	157.17	-21.63	314.72	9.71	57041.50	801.51	3.083021e+05	3.528881e+01	6.426421e+00	621.85	74.464675	4541	3.788e-02
300kHz_150dA_100Mss_bobN1C10091.txt	157.69	-21.11	319.89	9.70	57041.50	800.64	3.082343e+05	3.538806e+01	6.424383e+00	614.65	73.390927	4542	3.893e-02
300kHz_150dA_100Mss_bobN1C10092.txt	158.21	-20.80	323.97	9.74	57041.50	801.25	3.083021e+05	3.541699e+01	6.425817e+00	621.49	74.146488	4541	3.971e-02
300kHz_150dA_100Mss_bobN1C10093.txt	158.77	-20.80	333.35	9.89	57041.50	805.40	3.083021e+05	3.573988e+01	6.428166e+00	637.42	75.384576	4541	4.045e-02
300kHz_150dA_100Mss_bobN1C10094.txt	159.29	-20.51	338.00	9.89	57041.50	809.62	3.082343e+05	3.596273e+01	6.428942e+00	644.66	75.793953	4542	4.097e-02
300kHz_150dA_100Mss_bobN1C10095.txt	160.32	-19.54	352.30	9.97	57041.50	817.28	3.083021e+05	3.636305e+01	6.430138e+00	657.29	76.424596	4541	4.300e-02
300kHz_150dA_100Mss_bobN1C10096.txt	160.82	-19.14	359.07	10.07	57041.50	816.46	3.083021e+05	3.636953e+01	6.430836e+00	660.51	76.793866	4541	4.361e-02
300kHz_150dA_100Mss_bobN1C10097.txt	161.31	-18.75	364.13	10.10	57041.50	820.48	3.083021e+05	3.661727e+01	6.430895e+00	665.27	76.824868	4541	4.431e-02
300kHz_150dA_100Mss_bobN1C10098.txt	161.8	-18.36	369.46	10.02	57041.50	827.86	3.083021e+05	3.697499e+01	6.430193e+00	668.60	76.454037	4541	4.557e-02
300kHz_150dA_100Mss_bobN1C10099.txt	162.3	-17.93	377.25	10.07	57041.50	833.01	3.083021e+05	3.718571e+01	6.429896e+00	671.06	76.296916	4541	4.647e-02
300kHz_150dA_100Mss_bobN1C10100.txt	162.85	-17.44	380.68	9.99	57041.50	838.69	3.083021e+05	3.757147e+01	6.426684e+00	663.28	74.603086	4541	4.755e-02
300kHz_150dA_100Mss_bobN1C10101.txt	163.34	-16.89	389.73	10.18	57041.50	853.58	3.083021e+05	3.820167e+01	6.428724e+00	683.93	75.678785	4541	4.810e-02
300kHz_150dA_100Mss_bobN1C10102.txt	163.84	-16.29	392.83	10.28	57041.50	836.91	3.082343e+05	3.762295e+01	6.432989e+00	693.01	77.929830	4542	4.812e-02
300kHz_150dA_100Mss_bobN1C10103.txt	164.36	-15.85	398.94	10.39	57041.50	842.99	3.082343e+05	3.785711e+01	6.435103e+00	707.09	79.047570	4542	4.853e-02
300kHz_150dA_100Mss_bobN1C10104.txt	164.87	-15.49	404.06	10.33	57041.50	841.87	3.083021e+05	3.782301e+01	6.433399e+00	698.74	78.146569	4541	4.948e-02
300kHz_150dA_100Mss_bobN1C10105.txt	165.38	-15.13	412.03	10.37	57041.50	850.78	3.082343e+05	3.821471e+01	6.433402e+00	705.83	78.148122	4542	5.059e-02
300kHz_150dA_100Mss_bobN1C10106.txt	165.92	-14.76	417.17	10.46	57041.50	851.30	3.083021e+05	3.822896e+01	6.435530e+00	716.18	79.272687	4541	5.043e-02
300kHz_150dA_100Mss_bobN1C10107.txt	166.42	-14.49	414.32	10.31	57041.50	855.53	3.083021e+05	3.848018e+01	6.431980e+00	704.21	77.396599	4541	5.113e-02
300kHz_150dA_100Mss_bobN1C10108.txt	166.92	-14.24	420.56	10.43	57041.50	856.67	3.083021e+05	3.855592e+01	6.434967e+00	719.66	78.974676	4541	5.137e-02
300kHz_150dA_100Mss_bobN1C10109.txt	167.42	-13.99	422.45	10.54	57041.50	860.12	3.083021e+05	3.874345e+01	6.436363e+00	729.75	79.713582	4541	5.157e-02
300kHz_150dA_100Mss_bobN1C10110.txt	167.93	-13.73	428.28	10.59	57041.50	858.31	3.083021e+05	3.874347e+01	6.436030e+00	728.18	79.537080	4541	5.225e-02
300kHz_150dA_100Mss_bobN1C10111.txt	168.46	-13.38	430.09	10.44	57041.50	862.30	3.083021e+05	3.891224e+01	6.434650e+00	724.80	78.806971	4541	5.262e-02
300kHz_150dA_100Mss_bobN1C10112.txt	168.96	-13.03	433.39	10.62	57041.50	861.63	3.082343e+05	3.895514e+01	6.436810e+00	735.71	79.949811	4542	5.236e-02
300kHz_150dA_100Mss_bobN1C10113.txt	169.46	-12.82	435.47	10.62	57041.50	858.16	3.082343e+05	3.884727e+01	6.437074e+00	734.92	80.088270	4542	5.271e-02
300kHz_150dA_100Mss_bobN1C10114.txt	170.46	-12.37	438.52	10.64	57041.50	867.85	3.083021e+05	3.914123e+01	6.437720e+00	743.73	80.430547	4541	5.342e-02
300kHz_150dA_100Mss_bobN1C10115.txt	170.97	-12.12	440.45	10.77	57041.50	864.31	3.082343e+05	3.910954e+01	6.438841e+00	748.31	81.023796	4542	5.312e-02
300kHz_150dA_100Mss_bobN1C10116.txt	171.47	-11.91	443.72	10.64	57041.50	870.93	3.083021e+05	3.943282e+01	6.436422e+00	743.02	79.743110	4541	5.417e-02
300kHz_150dA_100Mss_bobN1C10117.txt	171.99	-11.70	443.20	10.81	57041.50	874.58	3.083021e+05	3.953128e+01	6.439867e+00	761.49	81.566754	4541	5.303e-02
300kHz_150dA_100Mss_bobN1C10118.txt	172.49	-11.50	444.96	10.71	57041.50	877.91	3.083021e+05	3.974039e+01	6.436177e+00	747.63	79.614001	4541	5.400e-02
300kHz_150dA_100Mss_bobN1C10119.txt	173.01	-11.30	444.81	10.64	57041.50	874.44	3.083021e+05	3.954690e+01	6.436608e+00	746.07	79.841333	4541	5.415e-02
300kHz_150dA_100Mss_bobN1C10120.txt	173.52	-11.04	444.34	10.68	57041.50	879.76	3.082343e+05	3.977874e+01	6.437756e+00	755.85	80.449014	4542	5.318e-02
300kHz_150dA_100Mss_bobN1C10121.txt	174.04	-10.79	446.88	10.73	57041.50	876.50	3.082343e+05	3.964418e+01	6.438499e+00	756.88	80.841800	4542	5.398e-02
300kHz_150dA_100Mss_bobN1C10122.txt	174.55	-10.63	445.86	10.68	57041.50	878.77	3.082343e+05	3.976169e+01	6.437378e+00	753.69	80.248796	4542	5.347e-02
300kHz_150dA_100Mss_bobN1C10123.txt	175.06	-10.48	446.70	10.60	57041.50	895.09	3.083021e+05	4.032396e+01	6.434884e+00	752.25	78.930197	4541	5.439e-02
300kHz_150dA_100Mss_bobN1C10124.txt	175.57	-10.33	446.06	10.65	57041.50	887.26	3.082343e+05	4.008016e+01	6.435518e+00	750.64	79.264880	4542	5.347e-02
300kHz_150dA_100Mss_bobN1C10125.txt	176.07	-10.17	448.12	10.69	57041.50	888.18	3.082343e+05	4.008319e+01	6.436688e+00	756.41	79.883539	4542	5.406e-02
300kHz_150dA_100Mss_bobN1C10126.txt	176.58	-9.97	444.63	10.64	57041.50	889.64	3.082343e+05	4.025231e+01	6.435611e+00	754.31	79.313914	4542	5.326e-02
300kHz_150dA_100Mss_bobN1C10127.txt	177.08	-9.78	447.69	10.83	57041.50	892.87	3.082343e+05	4.032895e+01	6.438889e+00	771.87	81.048286	4542	5.301e-02
300kHz_150dA_100Mss_bobN1C10128.txt	177.59	-9.62	443.38	10.63	57041.50	890.66	3.083021e+05	4.022095e+01	6.435729e+00	754.48	79.376833	4541	5.348e-02
300kHz_150dA_100Mss_bobN1C10129.txt	178.09	-9.47	447.29	10.75	57041.50	897.42	3.083021e+05	4.053930e+01	6.436221e+00	762.88	79.637252	4541	5.329e-02
300kHz_150dA_100Mss_bobN1C10130.txt	178.6	-9.32	442.94	10.58	57041.50	899.80	3.082343e+05	4.061339e+01	6.433763e+00	751.93	78.338113	4542	5.310e-02
300kHz_150dA_100Mss_bobN1C10131.txt	179.17	-9.15	444.66	10.63	57041.50	895.11	3.082343e+05	4.042704e+01	6.435112e+00	755.13	79.050313	4542	5.287e-02
300kHz_150dA_100Mss_bobN1C10132.txt	179.68	-9.00	446.05	10.62	57041.50	897.07	3.083021e+05	4.046386e+01	6.434633e+00	753.62	78.797248	4541	5.370e-02
300kHz_150dA_100Mss_bobN1C10133.txt	180.69	-8.69	445.64	10.65	57041.50	894.08	3.082343e+05	4.041525e+01	6.434063e+00	749.74	78.496634	4542	5.288e-02
300kHz_150dA_100Mss_bobN1C10134.txt	181.2	-8.54	444.75	10.63	57041.50	900.51	3.083021e+05	4.062887e+01	6.433640e+00	751.77	78.273204	4541	5.329e-02
300kHz_150dA_100Mss_bobN1C10135.txt	181.7	-8.39	441.45	10.56	57041.50	913.16	3.083021e+05	4.107780e+01	6.432339e+00	753.55	77.586508	4541	5.300e-02
300kHz_150dA_100Mss_bobN1C10136.txt	182.2	-8.24	444.52	10.56	57041.50	914.05	3.083021e+05	4.115837e+01	6.432427e+00	755.47	77.632621	4541	5.281e-02
300kHz_150dA_100Mss_bobN1C10137.txt	182.69	-8.09	442.36	10.62	57041.50	899.16	3.083021e+05	4.062584e+01	6.433284e+00	749.95	78.085773	4541	5.273e-02
300kHz_150dA_100Mss_bobN1C10138.txt	183.2	-7.94	441.79	10.55	57041.50	899.65	3.083021e+05	4.062787e+01	6.431780e+00	742.53	77.290814	4541	5.300e-02
300kHz_150dA_100Mss_bobN1C10139.txt	183.71	-7.79	440.62	10.68	57041.50	902.12	3.082343e+05	4.068702e+01	6.434902e+00	758.94	78.940590	4542	5.143e-02
300kHz_150dA_100Mss_bobN1C10140.txt	184.23	-7.63	439.11	10.56	57041.50	899.71	3.083021e+05	4.062427e+01	6.432033e+00	743.71	77.424166	4541	5.182e-02
300kHz_150dA_100Mss_bobN1C10141.txt	184.73	-7.48	439.56	10.46	57041.50	903.45	3.083021e+05	4.077859e+01	6.429848e+00	735.66	76.270204	4541	5.258e-02
300kHz_150dA_100Mss_bobN1C10142.txt	185.24	-7.35	440.60	10.59	57041.50	900.76	3.083021e+05	4.068511e+01	6.432621e+00	747.75	77.734966	4541	5.247e-02
300kHz_150dA_100Mss_bobN1C10143.txt	185.73	-7.25	441.74	10.61	57041.50	902.82	3.083021e+05	4.065548e+01	6.433894e+00	753.52	78.407199	4541	5.219e-02
300kHz_150dA_100Mss_bobN1C10144.txt	186.24	-7.13	436.73	10.48	57041.50	909.24	3.082343e+05	4.104875e+01	6.429228e+00	737.26	75.944030	4542	5.202e-02
300kHz_150dA_100Mss_bobN1C10145.txt	186.72	-6.98	439.06	10.49	57041.50	911.69	3.083021e+05	4.098664e+01	6.430444e+00	742.40	76.585628	4541	5.185e-02
300kHz_150dA_100Mss_bobN1C10146.txt	187.21	-6.79	437.10	10.52	57041.50	904.22	3.083021e+05	4.079779e+01	6.432198e+00	747.71	77.511569	4541	5.150e-02
300kHz_150dA_100Mss_bobN1C10147.txt	187.7	-6.55	433.21	10.38	57041.50	912.14	3.082343e+05	4.103952e+01	6.429163e+00	736.77	75.910049	4542	5.184e-02
300kHz_150dA_100Mss_bobN1C10148.txt	188.22	-6.36	435.40	10.45	57041.50	912.67	3.083021e+05	4.108249e+01	6.429330e+00	738.55	75.997988	4541	5.155e-02
300kHz_150dA_100Mss_bobN1C10149.txt	188.72	-6.26	435.91	10.49	57041.50	906.97	3.083021e+05	4.087479e+01	6.431150e+00	743.89	76.957917	4541	5.138e-02
300kHz_150dA_100Mss_bobN1C10150.txt	189.23	-6.13	436.61	10.52	57041.50	911.87	3.082343e+05	4.104255e+01	6.431609e+00	749.08	77.200862	4542	5.133e-02
300kHz_150dA_100Mss_bobN1C10151.txt	189.74	-5.98	432.64	10.43	57041.50	908.08	3.083021e+05	4.096446e+01	6.429184e+00	735.69	75.920698	4541	5.128e-02
300kHz_150dA_100Mss_bobN1C10152.txt	190.74	-5.68	431.08	10.43	57041.50	903.96	3.083021e+05	4.073835e+01	6.430171e+00	736.54	76.441971	4541	5.091e-02
300kHz_150dA_100Mss_bobN1C10153.txt	191.23	-5.58	430.47	10.42	57041.50	905.33	3.083021e+05	4.072128e+01	6.429604e+00	733.41	76.142202	4541	5.087e-02
300kHz_150dA_100Mss_bobN1C10154.txt	191.73	-5.53	426.55	10.42	57041.50	898.08	3.082343e+05	4.041666e+01	6.429094e+00	725.25	75.873101	4542	5.039e-02
300kHz_150dA_100Mss_bobN1C10155.txt	192.23	-5.45	424.22	10.35	57041.50	896.46	3.082343e+05	4.034607e+01	6.428726e+00	722.17	75.679412	4542	5.058e-02
300kHz_150dA_100Mss_bobN1C10156.txt	192.74	-5.35	422.49	10.42	57041.50	892.14	3.082343e+05	4.018139e+01	6.431103e+00	730.88	76.934168	4542	4.983e-02
300kHz_150dA_100Mss_bobN1C10157.txt	193.24	-5.20	421.34	10.31	57041.50	896.74	3.082343e+05	4.031387e+01	6.428287e+00	719.43	75.448179	4542	5.023e-02
300kHz_150dA_100Mss_bobN1C10158.txt	193.75	-5.00	421.85	10.30	57041.50	897.52	3.083021e+05	4.032666e+01	6.426773e+00	712.36	74.649448	4541	5.032e-02
300kHz_150dA_100Mss_bobN1C10159.txt	194.27	-4.79	419.30	10.33	57041.50	890.29	3.082343e+05	4.013431e+01	6.426872e+00	709.29	74.702806	4542	5.000e-02
300kHz_150dA_100Mss_bobN1C10160.txt	194.77	-4.59	418.50	10.31	57041.50	893.65	3.083021e+05	4.026034e+01	6.425750e+00	706.15	74.110831	4541	4.984e-02
300kHz_150dA_100Mss_bobN1C10161.txt	195.28	-4.39	415.74	10.29	57041.50	888.43	3.082343e+05	4.006806e+01	6.426096e+00	704.32	74.293386	4542	4.962e-02
300kHz_150dA_100Mss_bobN1C10162.txt	195.79	-4.18	419.59	10.32	57041.50	886.14	3.083021e+05	3.988719e+01	6.427397e+00	707.64	74.979190	4541	4.968e-02
300kHz_150dA_100Mss_bobN1C10163.txt	196.29	-3.96	418.44	10.43	57041.50	885.85	3.082343e+05	3.989477e+01	6.429516e+00	717.94	76.097068	4542	4.902e-02
300kHz_150dA_100Mss_bobN1C10164.txt	196.79	-3.71	414.95	10.30	57041.50	885.78	3.082343e+05	3.990393e+01	6.427121e+00	706.43	74.833560	4542	4.927e-02
300kHz_150dA_100Mss_bobN1C10165.txt	197.29	-3.40	413.65	10.29	57041.50	879.72	3.082343e+05	3.963838e+01	6.427008e+00	701.18	74.773743	4542	4.918e-02
300kHz_150dA_100Mss_bobN1C10166.txt	197.79	-3.05	411.99	10.24	57041.50	885.39	3.083021e+05	3.986249e+01	6.425978e+00	700.29	74.231257	4541	4.912e-02
300kHz_150dA_100Mss_bobN1C10167.txt	198.29	-2.70	408.77	10.26	57041.50	884.01	3.082343e+05	3.980377e+01	6.427058e+00	704.35	74.800505	4542	4.864e-02
300kHz_150dA_100Mss_bobN1C10168.txt	198.8	-2.34	409.30	10.17	57041.50	885.64	3.083021e+05	3.987531e+01	6.424415e+00	692.90	73.407509	4541	4.911e-02
300kHz_150dA_100Mss_bobN1C10169.txt	199.32	-1.98	408.49	10.19	57041.50	881.55	3.082343e+05	3.967328e+01	6.426271e+00	698.23	74.385844	4542	4.893e-02
300kHz_150dA_100Mss_bobN1C10170.txt	199.85	-1.61	408.86	10.14	57041.50	883.18	3.082343e+05	3.976485e+01	6.425046e+00	693.89	73.740092	4542	4.942e-02
300kHz_150dA_100Mss_bobN1C10171.txt	200.92	-0.30	404.82	10.06	57041.50	882.48	3.082343e+05	3.969233e+01	6.424563e+00	690.28	73.485646	4542	4.902e-02
300kHz_150dA_100Mss_bobN1C10172.txt	201.51	0.31	403.52	9.99	57041.50	891.90	3.082343e+05	4.010133e+01	6.421981e+00	684.74	72.125559	4542	4.884e-02
300kHz_150dA_100Mss_bobN1C10173.txt	202.05	0.86	406.20	10.07	57041.50	888.08	3.082343e+05	3.989514e+01	6.423602e+00	689.12	72.979561	4542	4.920e-02
300kHz_150dA_100Mss_bobN1C10174.txt	202.59	1.45	404.52	10.01	57041.50	881.33	3.083021e+05	3.966709e+01	6.421994e+00	677.54	72.132390	4541	4.927e-02
300kHz_150dA_100Mss_bobN1C10175.txt	203.1	2.01	402.91	10.00	57041.50	884.74	3.082343e+05	3.985173e+01	6.421340e+00	677.36	71.788253	4542	4.912e-02
300kHz_150dA_100Mss_bobN1C10176.txt	203.62	2.58	404.75	9.95	57041.50	894.44	3.082343e+05	4.017040e+01	6.420598e+00	679.13	71.397585	4542	4.965e-02
300kHz_150dA_100Mss_bobN1C10177.txt	204.13	3.14	401.32	9.86	57041.50	892.80	3.082343e+05	4.008776e+01	6.419081e+00	670.30	70.599582	4542	4.905e-02
300kHz_150dA_100Mss_bobN1C10178.txt	204.65	3.72	396.74	9.80	57041.50	888.01	3.082343e+05	3.990079e+01	6.418625e+00	664.95	70.360138	4542	4.872e-02
300kHz_150dA_100Mss_bobN1C10179.txt	205.16	4.26	399.37	9.84	57041.50	890.24	3.082343e+05	4.000788e+01	6.419783e+00	672.40	70.969341	4542	4.874e-02
300kHz_150dA_100Mss_bobN1C10180.txt	205.72	4.82	399.55	9.82	57041.50	889.90	3.082343e+05	4.003242e+01	6.418657e+00	667.30	70.376593	4542	4.903e-02
300kHz_150dA_100Mss_bobN1C10181.txt	206.23	5.24	396.81	9.78	57041.50	884.45	3.083021e+05	3.971979e+01	6.418087e+00	659.46	70.077345	4541	4.919e-02
300kHz_150dA_100Mss_bobN1C10182.txt	206.81	5.59	395.37	9.76	57041.50	880.90	3.082343e+05	3.961074e+01	6.418830e+00	661.10	70.467733	4542	4.864e-02
300kHz_150dA_100Mss_bobN1C10183.txt	207.31	6.04	395.59	9.72	57041.50	896.27	3.083021e+05	4.020840e+01	6.416838e+00	661.43	69.420562	4541	4.871e-02
300kHz_150dA_100Mss_bobN1C10184.txt	207.83	6.61	392.45	9.61	57041.50	909.21	3.083021e+05	4.062869e+01	6.414193e+00	655.20	68.030978	4541	4.881e-02
300kHz_150dA_100Mss_bobN1C10185.txt	208.34	7.14	397.70	9.71	57041.50	898.43	3.082343e+05	4.039216e+01	6.416197e+00	661.14	69.083525	4542	4.931e-02
300kHz_150dA_100Mss_bobN1C10186.txt	208.84	7.64	396.13	9.65	57041.50	899.83	3.083021e+05	4.033729e+01	6.415591e+00	657.40	68.764891	4541	4.909e-02
300kHz_150dA_100Mss_bobN1C10187.txt	209.35	8.11	395.69	9.66	57041.50	898.10	3.083021e+05	4.025653e+01	6.415747e+00	656.85	68.847143	4541	4.890e-02
300kHz_150dA_100Mss_bobN1C10188.txt	209.84	8.56	394.64	9.56	57041.50	907.93	3.083021e+05	4.066107e+01	6.414214e+00	655.82	68.041019	4541	4.935e-02
300kHz_150dA_100Mss_bobN1C10189.txt	210.36	9.06	388.83	9.52	57041.50	897.89	3.083021e+05	4.024991e+01	6.412119e+00	638.87	66.940869	4541	4.889e-02
300kHz_150dA_100Mss_bobN1C10190.txt	211.36	10.24	388.02	9.51	57041.50	897.00	3.083021e+05	4.027002e+01	6.412556e+00	641.34	67.170538	4541	4.823e-02
300kHz_150dA_100Mss_bobN1C10191.txt	211.87	11.01	386.92	9.43	57041.50	898.83	3.083021e+05	4.031074e+01	6.411204e+00	635.32	66.460425	4541	4.845e-02
300kHz_150dA_100Mss_bobN1C10192.txt	212.38	11.58	384.82	9.37	57041.50	905.00	3.083021e+05	4.050690e+01	6.410112e+00	632.99	65.888061	4541	4.856e-02
300kHz_150dA_100Mss_bobN1C10193.txt	212.89	12.09	383.60	9.25	57041.50	906.21	3.083021e+05	4.059439e+01	6.406617e+00	616.98	64.053840	4541	4.919e-02
300kHz_150dA_100Mss_bobN1C10194.txt	213.39	12.59	384.49	9.37	57041.50	901.21	3.082343e+05	4.038531e+01	6.410691e+00	633.82	66.191682	4542	4.876e-02
300kHz_150dA_100Mss_bobN1C10195.txt	213.9	13.10	385.29	9.51	57041.50	894.48	3.083021e+05	4.006736e+01	6.413882e+00	644.62	67.867800	4541	4.814e-02
300kHz_150dA_100Mss_bobN1C10196.txt	214.44	13.64	384.53	9.35	57041.50	909.22	3.083021e+05	4.065286e+01	6.409767e+00	633.56	65.707239	4541	4.838e-02
300kHz_150dA_100Mss_bobN1C10197.txt	214.95	14.15	381.18	9.25	57041.50	911.98	3.083021e+05	4.079556e+01	6.407871e+00	626.31	64.712197	4541	4.863e-02
300kHz_150dA_100Mss_bobN1C10198.txt	215.45	14.42	380.35	9.29	57041.50	903.80	3.082343e+05	4.046040e+01	6.409052e+00	626.87	65.331711	4542	4.833e-02
300kHz_150dA_100Mss_bobN1C10199.txt	215.95	14.67	379.20	9.25	57041.50	890.21	3.083021e+05	3.993966e+01	6.408598e+00	616.72	65.093562	4541	4.847e-02
300kHz_150dA_100Mss_bobN1C10200.txt	216.45	15.10	378.46	9.26	57041.50	893.67	3.083021e+05	4.006638e+01	6.407653e+00	614.04	64.598129	4541	4.833e-02
300kHz_150dA_100Mss_bobN1C10201.txt	216.96	15.56	372.83	9.12	57041.50	893.27	3.083021e+05	3.997913e+01	6.406443e+00	606.78	63.963573	4541	4.822e-02
300kHz_150dA_100Mss_bobN1C10202.txt	217.46	16.01	377.15	9.23	57041.50	896.42	3.083021e+05	4.008291e+01	6.408532e+00	618.61	65.059471	4541	4.800e-02
300kHz_150dA_100Mss_bobN1C10203.txt	217.99	16.49	374.54	9.10	57041.50	891.20	3.083021e+05	3.989364e+01	6.405591e+00	601.32	63.517023	4541	4.865e-02
300kHz_150dA_100Mss_bobN1C10204.txt	218.49	16.94	374.86	9.15	57041.50	889.79	3.082343e+05	3.980297e+01	6.407580e+00	609.51	64.560214	4542	4.837e-02
300kHz_150dA_100Mss_bobN1C10205.txt	218.99	17.39	373.42	9.21	57041.50	882.90	3.083021e+05	3.961114e+01	6.408355e+00	610.47	64.966777	4541	4.778e-02
300kHz_150dA_100Mss_bobN1C10206.txt	219.49	17.84	374.09	9.12	57041.50	894.14	3.082343e+05	3.997335e+01	6.405688e+00	602.86	63.568038	4542	4.839e-02
300kHz_150dA_100Mss_bobN1C10207.txt	220.0	18.30	369.79	9.03	57041.50	890.00	3.082343e+05	3.983958e+01	6.403786e+00	591.56	62.571369	4542	4.843e-02
300kHz_150dA_100Mss_bobN1C10208.txt	220.48	18.88	370.31	9.12	57041.50	890.82	3.082343e+05	3.997799e+01	6.405493e+00	601.98	63.466130	4542	4.806e-02
300kHz_150dA_100Mss_bobN1C10209.txt	221.57	19.96	368.48	9.07	57041.50	891.06	3.082343e+05	3.993570e+01	6.403753e+00	592.83	62.554735	4542	4.801e-02
300kHz_150dA_100Mss_bobN1C10210.txt	222.05	20.35	366.87	8.99	57041.50	889.10	3.082343e+05	3.978697e+01	6.403739e+00	590.55	62.546704	4542	4.821e-02
300kHz_150dA_100Mss_bobN1C10211.txt	222.55	20.80	365.10	8.92	57041.50	890.70	3.082343e+05	3.985280e+01	6.401903e+00	582.56	61.585230	4542	4.843e-02
300kHz_150dA_100Mss_bobN1C10212.txt	223.07	21.25	364.23	8.94	57041.50	888.05	3.083021e+05	3.974378e+01	6.402142e+00	582.26	61.710118	4541	4.802e-02
300kHz_150dA_100Mss_bobN1C10213.txt	223.58	21.61	364.04	8.96	57041.50	884.02	3.082343e+05	3.962916e+01	6.402689e+00	583.11	61.996924	4542	4.799e-02
300kHz_150dA_100Mss_bobN1C10214.txt	224.11	21.98	363.19	8.93	57041.50	886.69	3.082343e+05	3.971202e+01	6.401168e+00	576.92	61.200332	4542	4.806e-02
300kHz_150dA_100Mss_bobN1C10215.txt	224.61	22.33	357.63	8.75	57041.50	888.56	3.083021e+05	3.965023e+01	6.398432e+00	562.86	59.768440	4541	4.834e-02
300kHz_150dA_100Mss_bobN1C10216.txt	225.12	22.68	358.99	8.82	57041.50	887.35	3.083021e+05	3.964198e+01	6.399294e+00	566.93	60.219966	4541	4.793e-02
300kHz_150dA_100Mss_bobN1C10217.txt	225.62	23.03	355.77	8.83	57041.50	886.32	3.083021e+05	3.959271e+01	6.400429e+00	571.73	60.813930	4541	4.733e-02
300kHz_150dA_100Mss_bobN1C10218.txt	226.13	23.44	359.65	8.88	57041.50	881.30	3.083021e+05	3.946542e+01	6.401091e+00	573.10	61.160689	4541	4.770e-02
300kHz_150dA_100Mss_bobN1C10219.txt	226.64	24.00	355.87	8.74	57041.50	885.46	3.082343e+05	3.951472e+01	6.399752e+00	567.20	60.459476	4542	4.746e-02
300kHz_150dA_100Mss_bobN1C10220.txt	227.16	24.50	354.64	8.69	57041.50	886.92	3.083021e+05	3.966275e+01	6.397918e+00	560.53	59.499289	4541	4.760e-02
300kHz_150dA_100Mss_bobN1C10221.txt	227.67	24.80	355.67	8.77	57041.50	881.16	3.083021e+05	3.940369e+01	6.399423e+00	564.14	60.287019	4541	4.768e-02
300kHz_150dA_100Mss_bobN1C10222.txt	228.18	25.00	352.04	8.72	57041.50	886.12	3.083021e+05	3.955335e+01	6.398962e+00	564.05	60.046271	4541	4.749e-02
300kHz_150dA_100Mss_bobN1C10223.txt	228.69	25.00	353.44	8.67	57041.50	887.70	3.083021e+05	3.959087e+01	6.397388e+00	556.94	59.222244	4541	4.802e-02
300kHz_150dA_100Mss_bobN1C10224.txt	229.18	25.22	351.91	8.66	57041.50	883.76	3.083021e+05	3.945963e+01	6.397171e+00	554.04	59.108598	4541	4.776e-02
300kHz_150dA_100Mss_bobN1C10225.txt	229.68	25.82	348.76	8.57	57041.50	888.22	3.082343e+05	3.957613e+01	6.396317e+00	551.41	58.662122	4542	4.748e-02
300kHz_150dA_100Mss_bobN1C10226.txt	230.19	26.20	349.61	8.64	57041.50	885.34	3.082343e+05	3.944683e+01	6.397479e+00	555.23	59.270377	4542	4.716e-02
300kHz_150dA_100Mss_bobN1C10227.txt	230.69	26.20	350.73	8.64	57041.50	897.89	3.082343e+05	3.997882e+01	6.395193e+00	551.52	58.074914	4542	4.730e-02
300kHz_150dA_100Mss_bobN1C10228.txt	231.72	27.21	342.87	8.52	57041.50	880.72	3.082343e+05	3.930792e+01	6.394665e+00	539.71	57.798554	4542	4.681e-02
300kHz_150dA_100Mss_bobN1C10229.txt	232.22	27.64	344.75	8.54	57041.50	886.58	3.082343e+05	3.947832e+01	6.394299e+00	540.28	57.607422	4542	4.697e-02
300kHz_150dA_100Mss_bobN1C10230.txt	232.73	27.75	342.35	8.47	57041.50	883.58	3.082343e+05	3.934093e+01	6.393430e+00	534.21	57.152935	4542	4.655e-02
300kHz_150dA_100Mss_bobN1C10231.txt	233.23	27.94	342.34	8.51	57041.50	880.96	3.082343e+05	3.926495e+01	6.394971e+00	540.60	57.959060	4542	4.626e-02
300kHz_150dA_100Mss_bobN1C10232.txt	233.74	28.24	339.50	8.50	57041.50	871.02	3.082343e+05	3.886845e+01	6.395170e+00	536.09	58.062772	4542	4.642e-02
300kHz_150dA_100Mss_bobN1C10233.txt	234.26	28.53	340.08	8.49	57041.50	871.89	3.082343e+05	3.895788e+01	6.394486e+00	534.05	57.704775	4542	4.663e-02
300kHz_150dA_100Mss_bobN1C10234.txt	234.76	28.78	336.19	8.30	57041.50	886.96	3.083021e+05	3.945401e+01	6.390154e+00	520.00	55.440998	4541	4.660e-02
300kHz_150dA_100Mss_bobN1C10235.txt	235.26	29.03	335.70	8.38	57041.50	873.83	3.082343e+05	3.897632e+01	6.391867e+00	521.79	56.336166	4542	4.607e-02
300kHz_150dA_100Mss_bobN1C10236.txt	235.78	29.29	336.92	8.50	57041.50	868.17	3.083021e+05	3.875568e+01	6.394776e+00	532.78	57.856716	4541	4.592e-02
300kHz_150dA_100Mss_bobN1C10237.txt	236.3	29.58	333.05	8.35	57041.50	868.67	3.082343e+05	3.873831e+01	6.392042e+00	519.43	56.427154	4542	4.590e-02
300kHz_150dA_100Mss_bobN1C10238.txt	236.82	29.89	332.73	8.36	57041.50	873.53	3.082343e+05	3.889503e+01	6.392146e+00	522.03	56.482198	4542	4.569e-02
300kHz_150dA_100Mss_bobN1C10239.txt	237.35	30.17	332.47	8.37	57041.50	865.56	3.083021e+05	3.856979e+01	6.392745e+00	520.61	56.794772	4541	4.555e-02
300kHz_150dA_100Mss_bobN1C10240.txt	237.85	30.42	329.70	8.23	57041.50	876.89	3.083021e+05	3.900374e+01	6.389145e+00	509.23	54.913661	4541	4.597e-02
300kHz_150dA_100Mss_bobN1C10241.txt	238.42	30.63	325.89	8.24	57041.50	872.27	3.083021e+05	3.879809e+01	6.389803e+00	509.68	55.257655	4541	4.541e-02
300kHz_150dA_100Mss_bobN1C10242.txt	238.92	30.78	329.94	8.33	57041.50	865.00	3.083021e+05	3.853989e+01	6.391136e+00	512.59	55.953794	4541	4.540e-02
300kHz_150dA_100Mss_bobN1C10243.txt	239.42	31.01	325.35	8.25	57041.50	862.83	3.083021e+05	3.842878e+01	6.390768e+00	509.38	55.761720	4541	4.522e-02
300kHz_150dA_100Mss_bobN1C10244.txt	239.93	31.27	326.81	8.21	57041.50	864.66	3.083021e+05	3.847019e+01	6.388803e+00	500.65	54.735101	4541	4.569e-02
300kHz_150dA_100Mss_bobN1C10245.txt	240.43	31.47	322.83	8.15	57041.50	865.53	3.083021e+05	3.851481e+01	6.387272e+00	493.99	53.935946	4541	4.547e-02
