# Configuracion:
# Concentracion g/m^3_=_19900.0
# C_Vs_to_Am_M_A/Vsm_=_116720831517.84952
# pendiente_HvsI_1/m_=_3716.3
# ordenada_HvsI_A/m_=_1297.0
# frecuencia_ref_Hz_=_308228.9117113982
# 
Resultados:
# tau_s_=_(5.22+/-0.70)e+01
# dphi_rad_=_6.38+/-0.01
# SAR_W/g_=_454.77+/-81.21
# Hc_kA/m_=_7.72+/-0.95
# Mr_A/m_=_384.41+/-78.57
# Suceptibilidad_a_M=0_=_0.0566+/-0.0078
# t_hasta_1er_file_=_135.14
# Duracion_T_Fase_=_30.45
# 1er_file_T_Fase_=_300kHz_150dA_100Mss_bobN1NE5X0073.txt
# last_file_T_Fase_=_300kHz_150dA_100Mss_bobN1NE5X0129.txt

Nombre_archivo	Time_m_(s)	Temperatura_(ºC)	Mr_(A/m)	Hc_(kA/m)	Campo_max_(A/m)	Mag_max_(A/m)	f0	mag0	dphi0	SAR_(W/g)	Tau_(ns)	N	xi_M_0
300kHz_150dA_100Mss_bobN1NE5X0010.txt	135.14	-35.83	221.88	6.16	57041.50	1029.82	3.081664e+05	4.395939e+01	6.364774e+00	331.55	42.224493	4543	3.876e-02
300kHz_150dA_100Mss_bobN1NE5X0011.txt	135.66	-32.25	220.47	6.23	57041.50	997.46	3.081664e+05	4.273766e+01	6.365035e+00	323.37	42.360078	4543	3.812e-02
300kHz_150dA_100Mss_bobN1NE5X0012.txt	136.19	-29.90	219.22	6.20	57041.50	991.81	3.081664e+05	4.255825e+01	6.364489e+00	319.87	42.076246	4543	3.810e-02
300kHz_150dA_100Mss_bobN1NE5X0013.txt	136.7	-29.90	216.52	6.17	57041.50	974.90	3.081664e+05	4.183745e+01	6.365491e+00	318.32	42.597577	4543	3.781e-02
300kHz_150dA_100Mss_bobN1NE5X0014.txt	137.2	-29.26	217.13	6.10	57041.50	975.04	3.082343e+05	4.185945e+01	6.362580e+00	307.31	41.084062	4542	3.848e-02
300kHz_150dA_100Mss_bobN1NE5X0015.txt	137.81	-27.31	213.30	5.99	57041.50	967.90	3.081664e+05	4.158162e+01	6.361807e+00	302.24	40.682452	4543	3.836e-02
300kHz_150dA_100Mss_bobN1NE5X0016.txt	138.37	-25.59	213.29	5.98	57041.50	962.21	3.081664e+05	4.135734e+01	6.361602e+00	299.83	40.576006	4543	3.841e-02
300kHz_150dA_100Mss_bobN1NE5X0017.txt	138.88	-24.06	209.07	5.92	57041.50	959.76	3.081664e+05	4.132503e+01	6.360222e+00	294.33	39.858917	4543	3.816e-02
300kHz_150dA_100Mss_bobN1NE5X0018.txt	139.44	-22.51	207.86	5.86	57041.50	953.27	3.081664e+05	4.106860e+01	6.359125e+00	288.35	39.289272	4543	3.823e-02
300kHz_150dA_100Mss_bobN1NE5X0019.txt	140.44	-19.94	207.59	5.81	57041.50	949.59	3.081664e+05	4.090733e+01	6.358160e+00	283.57	38.788141	4543	3.855e-02
300kHz_150dA_100Mss_bobN1NE5X0020.txt	140.96	-18.70	203.49	5.75	57041.50	939.35	3.081664e+05	4.057419e+01	6.356780e+00	276.09	38.071581	4543	3.791e-02
300kHz_150dA_100Mss_bobN1NE5X0021.txt	141.45	-17.39	200.43	5.68	57041.50	937.85	3.081664e+05	4.054616e+01	6.355987e+00	272.94	37.660114	4543	3.804e-02
300kHz_150dA_100Mss_bobN1NE5X0022.txt	141.96	-16.01	201.86	5.73	57041.50	931.09	3.081664e+05	4.021792e+01	6.356416e+00	272.32	37.883072	4543	3.801e-02
300kHz_150dA_100Mss_bobN1NE5X0031.txt	146.5	-8.90	196.37	5.55	57041.50	926.59	3.081664e+05	4.003424e+01	6.355364e+00	267.19	37.336807	4543	3.785e-02
300kHz_150dA_100Mss_bobN1NE5X0032.txt	147.02	-8.17	192.81	5.47	57041.50	925.47	3.082343e+05	4.001465e+01	6.352439e+00	256.31	35.818367	4542	3.743e-02
300kHz_150dA_100Mss_bobN1NE5X0037.txt	149.63	-5.17	196.57	5.51	57041.50	924.32	3.081664e+05	4.012124e+01	6.353950e+00	262.53	36.602577	4543	3.815e-02
300kHz_150dA_100Mss_bobN1NE5X0038.txt	150.68	-4.26	203.41	5.61	57041.50	931.95	3.081664e+05	4.050608e+01	6.354178e+00	265.90	36.720991	4543	3.870e-02
300kHz_150dA_100Mss_bobN1NE5X0039.txt	151.19	-3.87	206.54	5.62	57041.50	938.16	3.081664e+05	4.071797e+01	6.354743e+00	269.42	37.014216	4543	3.939e-02
300kHz_150dA_100Mss_bobN1NE5X0040.txt	151.71	-3.50	211.98	5.72	57041.50	939.46	3.081664e+05	4.094260e+01	6.354866e+00	271.37	37.077984	4543	3.980e-02
300kHz_150dA_100Mss_bobN1NE5X0041.txt	152.21	-3.13	214.77	5.67	57041.50	957.26	3.081664e+05	4.158160e+01	6.356233e+00	280.85	37.787536	4543	4.058e-02
300kHz_150dA_100Mss_bobN1NE5X0042.txt	152.84	-2.63	228.67	5.94	57041.50	959.63	3.082343e+05	4.183186e+01	6.359725e+00	296.09	39.601326	4542	4.179e-02
300kHz_150dA_100Mss_bobN1NE5X0043.txt	153.37	-2.39	240.56	6.09	57041.50	973.14	3.081664e+05	4.249513e+01	6.360396e+00	303.34	39.949280	4543	4.293e-02
300kHz_150dA_100Mss_bobN1NE5X0044.txt	153.89	-2.23	248.74	6.21	57041.50	979.40	3.082343e+05	4.284315e+01	6.361404e+00	309.88	40.473186	4542	4.383e-02
300kHz_150dA_100Mss_bobN1NE5X0045.txt	154.4	-2.08	260.85	6.38	57041.50	983.52	3.081664e+05	4.314073e+01	6.364214e+00	323.15	41.933860	4543	4.468e-02
300kHz_150dA_100Mss_bobN1NE5X0046.txt	154.9	-1.93	273.46	6.63	57041.50	989.16	3.081664e+05	4.345548e+01	6.367589e+00	339.04	43.689066	4543	4.562e-02
300kHz_150dA_100Mss_bobN1NE5X0047.txt	155.42	-1.86	280.96	6.63	57041.50	999.39	3.081664e+05	4.394731e+01	6.366516e+00	338.52	43.130337	4543	4.714e-02
300kHz_150dA_100Mss_bobN1NE5X0048.txt	155.92	-1.81	292.22	6.73	57041.50	1014.19	3.081664e+05	4.465419e+01	6.367665e+00	348.70	43.727894	4543	4.837e-02
300kHz_150dA_100Mss_bobN1NE5X0049.txt	156.42	-1.72	301.11	6.85	57041.50	1012.59	3.082343e+05	4.463940e+01	6.369591e+00	356.59	44.729790	4542	4.930e-02
300kHz_150dA_100Mss_bobN1NE5X0050.txt	156.93	-1.61	311.59	6.97	57041.50	1017.96	3.082343e+05	4.492259e+01	6.370466e+00	362.48	45.184801	4542	5.092e-02
300kHz_150dA_100Mss_bobN1NE5X0051.txt	157.43	-1.51	323.37	7.11	57041.50	1032.80	3.081664e+05	4.561043e+01	6.373605e+00	381.14	46.818805	4543	5.172e-02
300kHz_150dA_100Mss_bobN1NE5X0052.txt	157.94	-1.41	332.96	7.28	57041.50	1028.44	3.081664e+05	4.550059e+01	6.375306e+00	387.36	47.704556	4543	5.210e-02
300kHz_150dA_100Mss_bobN1NE5X0053.txt	158.46	-1.35	343.39	7.39	57041.50	1038.22	3.081664e+05	4.600874e+01	6.376694e+00	397.57	48.427782	4543	5.328e-02
300kHz_150dA_100Mss_bobN1NE5X0054.txt	158.99	-1.30	352.48	7.41	57041.50	1050.55	3.081664e+05	4.673240e+01	6.375556e+00	398.92	47.834165	4543	5.454e-02
300kHz_150dA_100Mss_bobN1NE5X0055.txt	159.52	-1.20	361.40	7.62	57041.50	1044.10	3.081664e+05	4.644393e+01	6.380360e+00	417.02	50.338058	4543	5.465e-02
300kHz_150dA_100Mss_bobN1NE5X0056.txt	160.05	-1.10	373.04	7.68	57041.50	1056.49	3.082343e+05	4.712602e+01	6.380103e+00	422.12	50.203676	4542	5.643e-02
300kHz_150dA_100Mss_bobN1NE5X0057.txt	161.07	-1.10	391.40	7.90	57041.50	1062.71	3.082343e+05	4.743588e+01	6.383265e+00	438.71	51.852206	4542	5.851e-02
300kHz_150dA_100Mss_bobN1NE5X0058.txt	161.59	-1.10	396.82	8.06	57041.50	1064.30	3.081664e+05	4.761970e+01	6.385869e+00	451.73	53.211249	4543	5.872e-02
300kHz_150dA_100Mss_bobN1NE5X0059.txt	162.11	-1.09	403.21	8.08	57041.50	1070.70	3.081664e+05	4.783006e+01	6.386984e+00	458.63	53.792806	4543	5.957e-02
300kHz_150dA_100Mss_bobN1NE5X0060.txt	162.63	-1.04	411.50	8.19	57041.50	1083.29	3.081664e+05	4.833678e+01	6.388304e+00	469.36	54.482643	4543	6.000e-02
300kHz_150dA_100Mss_bobN1NE5X0061.txt	163.14	-0.99	415.60	8.23	57041.50	1081.78	3.081664e+05	4.836177e+01	6.388875e+00	472.15	54.780432	4543	6.050e-02
300kHz_150dA_100Mss_bobN1NE5X0062.txt	163.65	-0.93	420.38	8.34	57041.50	1092.97	3.081664e+05	4.878416e+01	6.390667e+00	484.32	55.717129	4543	6.025e-02
300kHz_150dA_100Mss_bobN1NE5X0063.txt	164.17	-0.90	426.37	8.31	57041.50	1109.02	3.081664e+05	4.948468e+01	6.389689e+00	486.82	55.206040	4543	6.167e-02
300kHz_150dA_100Mss_bobN1NE5X0064.txt	164.74	-0.90	429.35	8.42	57041.50	1093.05	3.082343e+05	4.881516e+01	6.392070e+00	491.04	56.449716	4542	6.136e-02
300kHz_150dA_100Mss_bobN1NE5X0065.txt	165.27	-0.87	431.90	8.40	57041.50	1093.65	3.081664e+05	4.895651e+01	6.392183e+00	492.86	56.507727	4543	6.177e-02
300kHz_150dA_100Mss_bobN1NE5X0066.txt	165.79	-0.82	435.08	8.52	57041.50	1092.77	3.081664e+05	4.892100e+01	6.393668e+00	499.18	57.284951	4543	6.127e-02
300kHz_150dA_100Mss_bobN1NE5X0067.txt	166.32	-0.80	438.25	8.48	57041.50	1099.38	3.081664e+05	4.923664e+01	6.392694e+00	497.99	56.775064	4543	6.203e-02
300kHz_150dA_100Mss_bobN1NE5X0068.txt	166.83	-0.80	439.78	8.59	57041.50	1103.50	3.081664e+05	4.940333e+01	6.395216e+00	511.14	58.094005	4543	6.115e-02
300kHz_150dA_100Mss_bobN1NE5X0069.txt	167.35	-0.77	444.58	8.61	57041.50	1104.75	3.081664e+05	4.943981e+01	6.396131e+00	515.67	58.572407	4543	6.164e-02
300kHz_150dA_100Mss_bobN1NE5X0070.txt	167.86	-0.71	445.98	8.63	57041.50	1107.40	3.081664e+05	4.959739e+01	6.396377e+00	518.44	58.700711	4543	6.166e-02
300kHz_150dA_100Mss_bobN1NE5X0071.txt	168.37	-0.74	447.10	8.69	57041.50	1111.97	3.081664e+05	4.977051e+01	6.397603e+00	525.86	59.342706	4543	6.203e-02
300kHz_150dA_100Mss_bobN1NE5X0072.txt	168.87	-0.79	448.21	8.65	57041.50	1123.50	3.081664e+05	5.028889e+01	6.396197e+00	524.84	58.606790	4543	6.249e-02
300kHz_150dA_100Mss_bobN1NE5X0073.txt	169.4	-0.72	449.25	8.71	57041.50	1112.13	3.081664e+05	4.984983e+01	6.396661e+00	522.38	58.849486	4543	6.165e-02
300kHz_150dA_100Mss_bobN1NE5X0074.txt	169.9	-0.62	450.17	8.76	57041.50	1108.39	3.081664e+05	4.959705e+01	6.398925e+00	530.06	60.034725	4543	6.105e-02
300kHz_150dA_100Mss_bobN1NE5X0075.txt	170.42	-0.60	450.44	8.66	57041.50	1113.10	3.081664e+05	4.990303e+01	6.395984e+00	519.83	58.494526	4543	6.272e-02
300kHz_150dA_100Mss_bobN1NE5X0076.txt	171.45	-0.60	453.63	8.76	57041.50	1120.78	3.082343e+05	5.020961e+01	6.398263e+00	533.67	59.687831	4542	6.174e-02
300kHz_150dA_100Mss_bobN1NE5X0077.txt	171.98	-0.60	451.77	8.74	57041.50	1117.25	3.081664e+05	5.007162e+01	6.397343e+00	527.84	59.206260	4543	6.214e-02
300kHz_150dA_100Mss_bobN1NE5X0078.txt	172.5	-0.55	455.34	8.77	57041.50	1115.26	3.081664e+05	4.994637e+01	6.398981e+00	534.05	60.063780	4543	6.226e-02
300kHz_150dA_100Mss_bobN1NE5X0079.txt	173.02	-0.50	454.79	8.79	57041.50	1121.87	3.081664e+05	5.027251e+01	6.399428e+00	539.60	60.297504	4543	6.190e-02
300kHz_150dA_100Mss_bobN1NE5X0080.txt	173.62	-0.56	452.42	8.79	57041.50	1120.16	3.081664e+05	5.012983e+01	6.400057e+00	540.97	60.626892	4543	6.146e-02
300kHz_150dA_100Mss_bobN1NE5X0081.txt	174.13	-0.59	455.71	8.75	57041.50	1128.55	3.081664e+05	5.058097e+01	6.398075e+00	536.62	59.588348	4543	6.231e-02
300kHz_150dA_100Mss_bobN1NE5X0082.txt	174.65	-0.53	453.42	8.78	57041.50	1124.47	3.081664e+05	5.037086e+01	6.399001e+00	538.68	60.074222	4543	6.177e-02
300kHz_150dA_100Mss_bobN1NE5X0083.txt	175.15	-0.50	451.14	8.83	57041.50	1117.70	3.081664e+05	4.996454e+01	6.401194e+00	544.40	61.222752	4543	6.090e-02
300kHz_150dA_100Mss_bobN1NE5X0084.txt	175.68	-0.50	451.45	8.74	57041.50	1124.35	3.081664e+05	5.032218e+01	6.398854e+00	537.47	59.996321	4543	6.166e-02
300kHz_150dA_100Mss_bobN1NE5X0085.txt	176.19	-0.50	450.34	8.59	57041.50	1123.37	3.082343e+05	5.025642e+01	6.395457e+00	521.19	58.218567	4542	6.210e-02
300kHz_150dA_100Mss_bobN1NE5X0086.txt	176.7	-0.50	452.35	8.70	57041.50	1126.73	3.081664e+05	5.044355e+01	6.397808e+00	533.92	59.448540	4543	6.199e-02
300kHz_150dA_100Mss_bobN1NE5X0087.txt	177.2	-0.50	451.71	8.60	57041.50	1127.05	3.081664e+05	5.046398e+01	6.395964e+00	525.58	58.483757	4543	6.192e-02
300kHz_150dA_100Mss_bobN1NE5X0088.txt	177.71	-0.50	452.50	8.75	57041.50	1126.03	3.081664e+05	5.039909e+01	6.399014e+00	539.04	60.080950	4543	6.148e-02
300kHz_150dA_100Mss_bobN1NE5X0089.txt	178.23	-0.50	449.57	8.68	57041.50	1130.93	3.081664e+05	5.055396e+01	6.398810e+00	539.75	59.973580	4543	6.084e-02
300kHz_150dA_100Mss_bobN1NE5X0090.txt	178.74	-0.50	453.90	8.71	57041.50	1129.22	3.081664e+05	5.053092e+01	6.397579e+00	533.78	59.329375	4543	6.189e-02
300kHz_150dA_100Mss_bobN1NE5X0091.txt	179.24	-0.50	450.25	8.62	57041.50	1130.57	3.081664e+05	5.050942e+01	6.397989e+00	535.46	59.543845	4543	6.147e-02
300kHz_150dA_100Mss_bobN1NE5X0092.txt	179.76	-0.50	452.97	8.73	57041.50	1128.95	3.081664e+05	5.053633e+01	6.399223e+00	541.48	60.190059	4543	6.136e-02
300kHz_150dA_100Mss_bobN1NE5X0093.txt	180.26	-0.47	452.19	8.80	57041.50	1122.03	3.081664e+05	5.024817e+01	6.400798e+00	545.67	61.015065	4543	6.048e-02
300kHz_150dA_100Mss_bobN1NE5X0094.txt	180.77	-0.42	449.26	8.70	57041.50	1127.85	3.081664e+05	5.040733e+01	6.399220e+00	540.08	60.188501	4543	6.086e-02
300kHz_150dA_100Mss_bobN1NE5X0095.txt	181.84	-0.40	449.57	8.64	57041.50	1125.82	3.081664e+05	5.040566e+01	6.397899e+00	533.94	59.496817	4543	6.104e-02
300kHz_150dA_100Mss_bobN1NE5X0096.txt	182.35	-0.40	447.90	8.67	57041.50	1123.60	3.081664e+05	5.026768e+01	6.398592e+00	535.68	59.859814	4543	6.097e-02
300kHz_150dA_100Mss_bobN1NE5X0097.txt	182.89	-0.40	446.93	8.65	57041.50	1126.46	3.081664e+05	5.039747e+01	6.397854e+00	533.65	59.473248	4543	6.089e-02
300kHz_150dA_100Mss_bobN1NE5X0098.txt	183.39	-0.40	449.89	8.66	57041.50	1123.28	3.081664e+05	5.034468e+01	6.397447e+00	531.21	59.260384	4543	6.133e-02
300kHz_150dA_100Mss_bobN1NE5X0099.txt	183.9	-0.40	447.71	8.64	57041.50	1132.94	3.081664e+05	5.062318e+01	6.397790e+00	535.74	59.440022	4543	6.056e-02
300kHz_150dA_100Mss_bobN1NE5X0100.txt	184.4	-0.40	446.33	8.65	57041.50	1130.75	3.081664e+05	5.058289e+01	6.397998e+00	536.28	59.548589	4543	6.081e-02
300kHz_150dA_100Mss_bobN1NE5X0101.txt	184.91	-0.40	447.05	8.59	57041.50	1149.22	3.081664e+05	5.133137e+01	6.396438e+00	536.85	58.732686	4543	6.061e-02
300kHz_150dA_100Mss_bobN1NE5X0102.txt	185.41	-0.40	444.15	8.59	57041.50	1128.03	3.081664e+05	5.039308e+01	6.398076e+00	534.63	59.589649	4543	6.075e-02
300kHz_150dA_100Mss_bobN1NE5X0103.txt	185.91	-0.40	445.62	8.60	57041.50	1126.23	3.081664e+05	5.049326e+01	6.396756e+00	529.56	58.898444	4543	6.059e-02
300kHz_150dA_100Mss_bobN1NE5X0104.txt	186.41	-0.40	443.39	8.58	57041.50	1133.00	3.081664e+05	5.060891e+01	6.397361e+00	533.59	59.215499	4543	6.025e-02
300kHz_150dA_100Mss_bobN1NE5X0105.txt	186.92	-0.40	447.12	8.63	57041.50	1132.03	3.081664e+05	5.052911e+01	6.398339e+00	537.29	59.727193	4543	6.029e-02
300kHz_150dA_100Mss_bobN1NE5X0106.txt	187.42	-0.40	442.14	8.58	57041.50	1130.93	3.081664e+05	5.047546e+01	6.398215e+00	536.15	59.662363	4543	5.997e-02
300kHz_150dA_100Mss_bobN1NE5X0107.txt	187.93	-0.40	442.01	8.61	57041.50	1121.94	3.081664e+05	5.018526e+01	6.398369e+00	533.78	59.743168	4543	5.958e-02
300kHz_150dA_100Mss_bobN1NE5X0108.txt	188.43	-0.36	441.51	8.54	57041.50	1128.94	3.081664e+05	5.047547e+01	6.396532e+00	528.34	58.781379	4543	5.999e-02
300kHz_150dA_100Mss_bobN1NE5X0109.txt	188.95	-0.31	441.60	8.54	57041.50	1122.95	3.081664e+05	5.022174e+01	6.396881e+00	527.29	58.964393	4543	6.011e-02
300kHz_150dA_100Mss_bobN1NE5X0110.txt	189.45	-0.30	437.12	8.50	57041.50	1118.27	3.082343e+05	4.996163e+01	6.397196e+00	526.13	59.129160	4542	5.991e-02
300kHz_150dA_100Mss_bobN1NE5X0111.txt	189.95	-0.30	437.22	8.52	57041.50	1121.78	3.081664e+05	5.016997e+01	6.396801e+00	526.38	58.922184	4543	5.963e-02
300kHz_150dA_100Mss_bobN1NE5X0112.txt	190.45	-0.30	436.01	8.48	57041.50	1127.45	3.081664e+05	5.028321e+01	6.395870e+00	523.26	58.435056	4543	5.959e-02
300kHz_150dA_100Mss_bobN1NE5X0113.txt	190.97	-0.30	434.44	8.40	57041.50	1136.48	3.081664e+05	5.062640e+01	6.394748e+00	521.61	57.848282	4543	6.003e-02
300kHz_150dA_100Mss_bobN1NE5X0114.txt	191.98	-0.20	432.32	8.42	57041.50	1114.05	3.081664e+05	4.978478e+01	6.394738e+00	512.90	57.843426	4543	5.953e-02
300kHz_150dA_100Mss_bobN1NE5X0115.txt	192.5	-0.20	433.29	8.44	57041.50	1114.86	3.081664e+05	4.989385e+01	6.394831e+00	514.45	57.891810	4543	5.966e-02
300kHz_150dA_100Mss_bobN1NE5X0116.txt	193.02	-0.20	431.39	8.40	57041.50	1112.84	3.081664e+05	4.972479e+01	6.394133e+00	509.51	57.527120	4543	5.955e-02
300kHz_150dA_100Mss_bobN1NE5X0117.txt	193.59	-0.20	426.09	8.35	57041.50	1114.54	3.082343e+05	4.968141e+01	6.393705e+00	507.22	57.303230	4542	5.928e-02
300kHz_150dA_100Mss_bobN1NE5X0118.txt	194.1	-0.17	426.06	8.34	57041.50	1111.78	3.081664e+05	4.961827e+01	6.394245e+00	508.93	57.584958	4543	5.919e-02
300kHz_150dA_100Mss_bobN1NE5X0119.txt	194.64	-0.01	429.50	8.38	57041.50	1106.96	3.081664e+05	4.945221e+01	6.394531e+00	508.53	57.734928	4543	5.932e-02
300kHz_150dA_100Mss_bobN1NE5X0120.txt	195.17	0.24	427.41	8.34	57041.50	1108.73	3.082343e+05	4.957025e+01	6.393899e+00	506.97	57.403998	4542	5.960e-02
300kHz_150dA_100Mss_bobN1NE5X0121.txt	195.7	0.66	425.02	8.30	57041.50	1104.15	3.081664e+05	4.937794e+01	6.392703e+00	499.46	56.779359	4543	5.936e-02
300kHz_150dA_100Mss_bobN1NE5X0122.txt	196.21	0.84	424.59	8.29	57041.50	1113.28	3.081664e+05	4.967891e+01	6.393150e+00	504.55	57.012246	4543	5.921e-02
300kHz_150dA_100Mss_bobN1NE5X0123.txt	196.72	0.68	425.02	8.31	57041.50	1105.99	3.081664e+05	4.941201e+01	6.393940e+00	505.43	57.425794	4543	5.916e-02
300kHz_150dA_100Mss_bobN1NE5X0124.txt	197.24	0.77	419.80	8.23	57041.50	1105.37	3.082343e+05	4.929459e+01	6.391801e+00	494.64	56.307829	4542	5.927e-02
300kHz_150dA_100Mss_bobN1NE5X0125.txt	197.76	1.13	418.80	8.19	57041.50	1108.79	3.082343e+05	4.946494e+01	6.391508e+00	495.01	56.154537	4542	5.936e-02
300kHz_150dA_100Mss_bobN1NE5X0126.txt	198.28	1.41	417.30	8.19	57041.50	1106.87	3.081664e+05	4.936938e+01	6.391130e+00	492.23	55.957429	4543	5.900e-02
300kHz_150dA_100Mss_bobN1NE5X0127.txt	198.8	1.62	417.01	8.21	57041.50	1100.63	3.081664e+05	4.916960e+01	6.391399e+00	491.46	56.097981	4543	5.868e-02
300kHz_150dA_100Mss_bobN1NE5X0128.txt	199.31	2.38	415.56	8.22	57041.50	1102.27	3.081664e+05	4.919902e+01	6.391919e+00	494.10	56.369560	4543	5.821e-02
300kHz_150dA_100Mss_bobN1NE5X0129.txt	199.88	3.64	415.65	8.21	57041.50	1098.69	3.081664e+05	4.904009e+01	6.391796e+00	491.95	56.305711	4543	5.846e-02
300kHz_150dA_100Mss_bobN1NE5X0130.txt	200.4	4.74	415.42	8.10	57041.50	1099.29	3.081664e+05	4.908402e+01	6.389276e+00	481.01	54.988372	4543	5.935e-02
300kHz_150dA_100Mss_bobN1NE5X0131.txt	200.91	5.81	410.54	8.08	57041.50	1101.05	3.082343e+05	4.906663e+01	6.389462e+00	481.79	55.085857	4542	5.892e-02
300kHz_150dA_100Mss_bobN1NE5X0132.txt	201.44	6.35	411.22	8.03	57041.50	1105.50	3.081664e+05	4.921823e+01	6.389190e+00	481.94	54.943678	4543	5.920e-02
300kHz_150dA_100Mss_bobN1NE5X0133.txt	202.48	6.56	407.30	8.05	57041.50	1102.68	3.081664e+05	4.910021e+01	6.389289e+00	481.23	54.995148	4543	5.820e-02
300kHz_150dA_100Mss_bobN1NE5X0134.txt	203.02	6.30	407.22	7.98	57041.50	1102.24	3.081664e+05	4.914538e+01	6.386615e+00	469.58	53.599115	4543	5.900e-02
300kHz_150dA_100Mss_bobN1NE5X0135.txt	203.53	6.19	406.51	8.00	57041.50	1100.56	3.081664e+05	4.903028e+01	6.388393e+00	476.50	54.527320	4543	5.863e-02
300kHz_150dA_100Mss_bobN1NE5X0136.txt	204.03	6.15	406.57	8.04	57041.50	1101.15	3.081664e+05	4.909094e+01	6.388701e+00	478.48	54.688538	4543	5.837e-02
300kHz_150dA_100Mss_bobN1NE5X0137.txt	204.54	6.96	406.50	8.02	57041.50	1099.14	3.081664e+05	4.898855e+01	6.388749e+00	477.70	54.714163	4543	5.849e-02
300kHz_150dA_100Mss_bobN1NE5X0138.txt	205.04	7.73	404.32	7.98	57041.50	1102.00	3.082343e+05	4.904333e+01	6.388064e+00	475.25	54.356359	4542	5.840e-02
300kHz_150dA_100Mss_bobN1NE5X0139.txt	205.55	8.14	405.72	7.96	57041.50	1103.72	3.081664e+05	4.908085e+01	6.387961e+00	475.04	54.302500	4543	5.812e-02
300kHz_150dA_100Mss_bobN1NE5X0140.txt	206.06	8.53	403.80	7.92	57041.50	1100.28	3.081664e+05	4.901759e+01	6.387896e+00	474.14	54.268731	4543	5.816e-02
300kHz_150dA_100Mss_bobN1NE5X0141.txt	206.56	8.78	402.67	7.85	57041.50	1111.13	3.081664e+05	4.944112e+01	6.385902e+00	469.16	53.227372	4543	5.848e-02
300kHz_150dA_100Mss_bobN1NE5X0142.txt	207.06	9.28	406.20	7.94	57041.50	1105.06	3.082343e+05	4.929713e+01	6.387157e+00	473.59	53.882388	4542	5.842e-02
300kHz_150dA_100Mss_bobN1NE5X0143.txt	207.57	11.62	403.90	7.89	57041.50	1101.80	3.081664e+05	4.915886e+01	6.386907e+00	471.03	53.751952	4543	5.837e-02
300kHz_150dA_100Mss_bobN1NE5X0144.txt	208.08	13.60	401.03	7.84	57041.50	1106.41	3.081664e+05	4.928704e+01	6.385582e+00	466.24	53.060620	4543	5.830e-02
300kHz_150dA_100Mss_bobN1NE5X0145.txt	208.59	13.60	403.40	7.90	57041.50	1100.56	3.081664e+05	4.911351e+01	6.386254e+00	467.64	53.411457	4543	5.821e-02
300kHz_150dA_100Mss_bobN1NE5X0146.txt	209.1	13.80	403.06	7.75	57041.50	1116.14	3.081664e+05	4.973150e+01	6.384554e+00	465.74	52.523349	4543	5.931e-02
300kHz_150dA_100Mss_bobN1NE5X0147.txt	209.61	14.82	403.04	7.75	57041.50	1122.23	3.082343e+05	4.995717e+01	6.383887e+00	464.89	52.175964	4542	5.892e-02
300kHz_150dA_100Mss_bobN1NE5X0148.txt	210.13	15.66	401.69	7.80	57041.50	1109.80	3.082343e+05	4.940950e+01	6.386367e+00	471.08	53.470429	4542	5.877e-02
300kHz_150dA_100Mss_bobN1NE5X0149.txt	210.65	15.93	401.49	7.70	57041.50	1124.67	3.081664e+05	5.002456e+01	6.383178e+00	462.15	51.805870	4543	5.941e-02
300kHz_150dA_100Mss_bobN1NE5X0150.txt	211.14	16.31	401.18	7.73	57041.50	1116.00	3.081664e+05	4.970199e+01	6.383689e+00	461.51	52.072203	4543	5.912e-02
300kHz_150dA_100Mss_bobN1NE5X0151.txt	211.66	17.09	403.04	7.67	57041.50	1128.88	3.082343e+05	5.022997e+01	6.381636e+00	457.01	51.001857	4542	5.942e-02
300kHz_150dA_100Mss_bobN1NE5X0152.txt	212.72	18.54	403.74	7.60	57041.50	1136.74	3.081664e+05	5.064778e+01	6.381700e+00	461.01	51.035049	4543	6.051e-02
300kHz_150dA_100Mss_bobN1NE5X0153.txt	213.23	19.24	403.49	7.65	57041.50	1140.49	3.081664e+05	5.065190e+01	6.383667e+00	470.23	52.061768	4543	5.987e-02
300kHz_150dA_100Mss_bobN1NE5X0154.txt	213.74	20.01	404.95	7.63	57041.50	1141.14	3.081664e+05	5.074285e+01	6.382796e+00	467.00	51.606911	4543	6.027e-02
300kHz_150dA_100Mss_bobN1NE5X0155.txt	214.24	20.88	407.75	7.62	57041.50	1149.80	3.082343e+05	5.119596e+01	6.381844e+00	466.78	51.110646	4542	6.038e-02
300kHz_150dA_100Mss_bobN1NE5X0156.txt	214.77	21.94	402.83	7.51	57041.50	1152.91	3.081664e+05	5.117778e+01	6.380651e+00	460.89	50.488561	4543	6.045e-02
300kHz_150dA_100Mss_bobN1NE5X0157.txt	215.29	22.78	406.17	7.57	57041.50	1148.64	3.081664e+05	5.108305e+01	6.381681e+00	464.88	51.025681	4543	6.047e-02
300kHz_150dA_100Mss_bobN1NE5X0158.txt	215.81	23.45	403.04	7.51	57041.50	1147.79	3.081664e+05	5.109051e+01	6.380984e+00	461.67	50.662005	4543	6.045e-02
300kHz_150dA_100Mss_bobN1NE5X0159.txt	216.31	23.70	405.06	7.46	57041.50	1158.07	3.082343e+05	5.135366e+01	6.379985e+00	459.43	50.140966	4542	6.125e-02
300kHz_150dA_100Mss_bobN1NE5X0160.txt	216.93	23.70	406.19	7.47	57041.50	1160.69	3.082343e+05	5.156204e+01	6.380405e+00	463.28	50.359855	4542	6.139e-02
300kHz_150dA_100Mss_bobN1NE5X0161.txt	217.43	24.13	404.23	7.44	57041.50	1159.79	3.081664e+05	5.157603e+01	6.379213e+00	457.65	49.738899	4543	6.126e-02
300kHz_150dA_100Mss_bobN1NE5X0162.txt	217.94	24.64	403.22	7.48	57041.50	1159.03	3.082343e+05	5.154191e+01	6.380533e+00	463.71	50.427162	4542	6.079e-02
300kHz_150dA_100Mss_bobN1NE5X0163.txt	218.44	25.18	399.36	7.42	57041.50	1159.66	3.081664e+05	5.150252e+01	6.379907e+00	460.29	50.100561	4543	6.058e-02
300kHz_150dA_100Mss_bobN1NE5X0164.txt	218.95	25.74	400.66	7.42	57041.50	1160.61	3.081664e+05	5.151263e+01	6.379572e+00	458.79	49.926642	4543	6.071e-02
300kHz_150dA_100Mss_bobN1NE5X0165.txt	219.48	26.47	400.99	7.35	57041.50	1162.35	3.081664e+05	5.169498e+01	6.378365e+00	454.66	49.296781	4543	6.130e-02
300kHz_150dA_100Mss_bobN1NE5X0166.txt	219.99	27.19	399.89	7.41	57041.50	1158.95	3.082343e+05	5.150917e+01	6.378816e+00	455.27	49.532487	4542	6.087e-02
300kHz_150dA_100Mss_bobN1NE5X0167.txt	220.52	27.72	399.34	7.39	57041.50	1159.15	3.081664e+05	5.154066e+01	6.378396e+00	453.45	49.313651	4543	6.084e-02
300kHz_150dA_100Mss_bobN1NE5X0168.txt	221.04	28.24	396.18	7.30	57041.50	1157.16	3.081664e+05	5.149744e+01	6.376447e+00	443.82	48.297638	4543	6.123e-02
300kHz_150dA_100Mss_bobN1NE5X0169.txt	221.55	28.70	395.44	7.35	57041.50	1161.16	3.081664e+05	5.152014e+01	6.378827e+00	455.32	49.538590	4543	6.048e-02
300kHz_150dA_100Mss_bobN1NE5X0170.txt	222.06	29.12	397.97	7.31	57041.50	1169.27	3.081664e+05	5.181794e+01	6.377095e+00	449.68	48.635379	4543	6.119e-02
300kHz_150dA_100Mss_bobN1NE5X0171.txt	223.09	29.57	393.25	7.20	57041.50	1172.07	3.081664e+05	5.190717e+01	6.376041e+00	445.42	48.086302	4543	6.136e-02
300kHz_150dA_100Mss_bobN1NE5X0172.txt	223.68	30.04	391.21	7.20	57041.50	1160.06	3.081664e+05	5.144955e+01	6.374953e+00	436.33	47.519516	4543	6.114e-02
300kHz_150dA_100Mss_bobN1NE5X0173.txt	224.21	30.45	390.75	7.17	57041.50	1181.06	3.082343e+05	5.226257e+01	6.374931e+00	443.22	47.508420	4542	6.135e-02
300kHz_150dA_100Mss_bobN1NE5X0174.txt	224.74	30.82	390.50	7.21	57041.50	1168.43	3.081664e+05	5.176680e+01	6.376265e+00	445.28	48.202797	4543	6.088e-02
300kHz_150dA_100Mss_bobN1NE5X0175.txt	225.26	31.21	389.63	7.18	57041.50	1162.86	3.081664e+05	5.161506e+01	6.375369e+00	439.71	47.736261	4543	6.093e-02
300kHz_150dA_100Mss_bobN1NE5X0176.txt	225.76	31.61	390.02	7.15	57041.50	1172.41	3.082343e+05	5.198503e+01	6.373957e+00	436.19	47.001006	4542	6.147e-02
300kHz_150dA_100Mss_bobN1NE5X0177.txt	226.26	32.06	389.31	7.15	57041.50	1165.20	3.081664e+05	5.165190e+01	6.373802e+00	432.57	46.920677	4543	6.134e-02
300kHz_150dA_100Mss_bobN1NE5X0178.txt	226.76	32.56	384.18	7.10	57041.50	1162.27	3.081664e+05	5.150747e+01	6.373677e+00	430.76	46.855176	4543	6.087e-02
300kHz_150dA_100Mss_bobN1NE5X0179.txt	227.26	33.09	384.55	7.10	57041.50	1165.42	3.082343e+05	5.157224e+01	6.374382e+00	434.75	47.222664	4542	6.087e-02
300kHz_150dA_100Mss_bobN1NE5X0180.txt	227.76	33.64	382.68	7.05	57041.50	1175.97	3.081664e+05	5.206448e+01	6.372153e+00	428.11	46.062385	4543	6.106e-02
300kHz_150dA_100Mss_bobN1NE5X0181.txt	228.27	34.14	384.75	7.10	57041.50	1161.86	3.082343e+05	5.153129e+01	6.372661e+00	426.23	46.326361	4542	6.102e-02
300kHz_150dA_100Mss_bobN1NE5X0182.txt	228.8	34.62	381.44	7.08	57041.50	1164.41	3.082343e+05	5.158167e+01	6.372090e+00	423.93	46.030022	4542	6.070e-02
