# Configuracion:
# Concentracion g/m^3_=_19900.0
# C_Vs_to_Am_M_A/Vsm_=_116720831517.84952
# pendiente_HvsI_1/m_=_3716.3
# ordenada_HvsI_A/m_=_1297.0
# frecuencia_ref_Hz_=_308214.1844598536
# 
Resultados:
# tau_s_=_(5.27+/-0.80)e+01
# dphi_rad_=_6.38+/-0.02
# SAR_W/g_=_489.86+/-90.19
# Hc_kA/m_=_7.76+/-1.12
# Mr_A/m_=_401.15+/-84.42
# Suceptibilidad_a_M=0_=_0.0589+/-0.0071
# t_hasta_1er_file_=_180.64
# Duracion_T_Fase_=_32.58
# 1er_file_T_Fase_=_300kHz_150dA_100Mss_bobN1NE5X0053.txt
# last_file_T_Fase_=_300kHz_150dA_100Mss_bobN1NE5X0112.txt

Nombre_archivo	Time_m_(s)	Temperatura_(ºC)	Mr_(A/m)	Hc_(kA/m)	Campo_max_(A/m)	Mag_max_(A/m)	f0	mag0	dphi0	SAR_(W/g)	Tau_(ns)	N	xi_M_0
300kHz_150dA_100Mss_bobN1NE5X0010.txt	180.64	-40.12	278.30	6.58	57041.50	1192.38	3.081664e+05	5.090574e+01	6.370787e+00	412.17	45.353415	4543	4.618e-02
300kHz_150dA_100Mss_bobN1NE5X0011.txt	181.18	-38.19	277.97	6.52	57041.50	1186.74	3.081664e+05	5.082232e+01	6.370044e+00	408.01	44.966561	4543	4.661e-02
300kHz_150dA_100Mss_bobN1NE5X0012.txt	181.71	-37.29	274.61	6.50	57041.50	1164.27	3.081664e+05	4.993256e+01	6.370211e+00	401.64	45.053735	4543	4.571e-02
300kHz_150dA_100Mss_bobN1NE5X0013.txt	182.37	-35.47	273.79	6.48	57041.50	1154.23	3.081664e+05	4.954247e+01	6.369351e+00	394.58	44.606544	4543	4.581e-02
300kHz_150dA_100Mss_bobN1NE5X0014.txt	182.89	-33.60	271.20	6.37	57041.50	1159.14	3.081664e+05	4.978603e+01	6.368626e+00	393.18	44.228197	4543	4.610e-02
300kHz_150dA_100Mss_bobN1NE5X0015.txt	183.4	-31.76	268.34	6.32	57041.50	1144.44	3.081664e+05	4.918652e+01	6.366822e+00	380.27	43.290691	4543	4.605e-02
300kHz_150dA_100Mss_bobN1NE5X0016.txt	183.92	-29.89	266.34	6.27	57041.50	1149.73	3.081664e+05	4.935452e+01	6.366439e+00	379.82	43.091865	4543	4.609e-02
300kHz_150dA_100Mss_bobN1NE5X0017.txt	184.42	-28.21	260.07	6.09	57041.50	1138.18	3.081664e+05	4.896659e+01	6.364227e+00	366.85	41.941574	4543	4.633e-02
300kHz_150dA_100Mss_bobN1NE5X0018.txt	184.96	-26.43	260.11	6.16	57041.50	1125.77	3.081664e+05	4.850131e+01	6.363114e+00	358.38	41.363341	4543	4.586e-02
300kHz_150dA_100Mss_bobN1NE5X0019.txt	186.0	-23.30	257.23	6.04	57041.50	1121.76	3.081664e+05	4.830508e+01	6.361718e+00	350.71	40.638007	4543	4.622e-02
300kHz_150dA_100Mss_bobN1NE5X0020.txt	186.5	-21.30	251.56	5.95	57041.50	1104.80	3.081664e+05	4.757815e+01	6.361912e+00	346.28	40.738458	4543	4.589e-02
300kHz_150dA_100Mss_bobN1NE5X0021.txt	187.0	-19.30	251.32	5.97	57041.50	1099.63	3.081664e+05	4.752093e+01	6.361692e+00	344.90	40.624327	4543	4.563e-02
300kHz_150dA_100Mss_bobN1NE5X0022.txt	187.52	-18.16	252.34	5.89	57041.50	1120.04	3.081664e+05	4.824274e+01	6.359913e+00	342.23	39.700135	4543	4.651e-02
300kHz_150dA_100Mss_bobN1NE5X0023.txt	188.03	-17.03	247.66	5.86	57041.50	1101.36	3.081664e+05	4.755613e+01	6.359546e+00	335.74	39.509635	4543	4.551e-02
300kHz_150dA_100Mss_bobN1NE5X0024.txt	188.56	-15.81	247.78	5.88	57041.50	1089.43	3.081664e+05	4.706248e+01	6.359438e+00	331.79	39.453390	4543	4.540e-02
300kHz_150dA_100Mss_bobN1NE5X0025.txt	189.1	-14.59	243.09	5.79	57041.50	1083.58	3.081664e+05	4.687716e+01	6.358363e+00	325.83	38.894773	4543	4.528e-02
300kHz_150dA_100Mss_bobN1NE5X0026.txt	189.59	-13.56	244.32	5.82	57041.50	1086.34	3.081664e+05	4.696789e+01	6.358755e+00	328.16	39.098767	4543	4.549e-02
300kHz_150dA_100Mss_bobN1NE5X0027.txt	190.11	-12.51	243.25	5.77	57041.50	1083.35	3.081664e+05	4.684935e+01	6.356699e+00	318.45	38.031359	4543	4.540e-02
300kHz_150dA_100Mss_bobN1NE5X0028.txt	190.64	-11.61	240.81	5.74	57041.50	1079.12	3.081664e+05	4.664175e+01	6.357258e+00	319.44	38.321082	4543	4.526e-02
300kHz_150dA_100Mss_bobN1NE5X0029.txt	191.36	-10.64	241.35	5.70	57041.50	1079.92	3.081664e+05	4.675954e+01	6.357649e+00	321.93	38.524160	4543	4.548e-02
300kHz_150dA_100Mss_bobN1NE5X0030.txt	191.85	-10.15	237.67	5.60	57041.50	1082.10	3.081664e+05	4.679222e+01	6.355651e+00	313.53	37.486506	4543	4.552e-02
300kHz_150dA_100Mss_bobN1NE5X0031.txt	192.39	-9.38	238.09	5.60	57041.50	1079.94	3.081664e+05	4.668891e+01	6.354662e+00	308.58	36.973429	4543	4.575e-02
300kHz_150dA_100Mss_bobN1NE5X0032.txt	192.96	-8.46	237.74	5.68	57041.50	1064.97	3.081664e+05	4.621290e+01	6.354902e+00	306.45	37.098111	4543	4.508e-02
300kHz_150dA_100Mss_bobN1NE5X0033.txt	193.56	-7.56	234.71	5.58	57041.50	1068.11	3.081664e+05	4.625245e+01	6.355378e+00	308.75	37.345024	4543	4.514e-02
300kHz_150dA_100Mss_bobN1NE5X0034.txt	194.23	-6.62	236.49	5.64	57041.50	1067.59	3.081664e+05	4.624821e+01	6.356226e+00	312.34	37.785977	4543	4.505e-02
300kHz_150dA_100Mss_bobN1NE5X0035.txt	194.76	-5.99	235.12	5.59	57041.50	1074.04	3.081664e+05	4.647416e+01	6.355049e+00	308.82	37.174649	4543	4.525e-02
300kHz_150dA_100Mss_bobN1NE5X0036.txt	195.28	-5.39	234.86	5.61	57041.50	1068.67	3.081664e+05	4.628520e+01	6.355906e+00	311.22	37.619256	4543	4.502e-02
300kHz_150dA_100Mss_bobN1NE5X0037.txt	195.79	-4.83	232.22	5.57	57041.50	1067.60	3.081664e+05	4.632250e+01	6.354029e+00	303.45	36.645339	4543	4.484e-02
300kHz_150dA_100Mss_bobN1NE5X0038.txt	196.81	-3.22	233.95	5.55	57041.50	1070.27	3.081664e+05	4.635393e+01	6.354493e+00	305.64	36.885958	4543	4.527e-02
300kHz_150dA_100Mss_bobN1NE5X0039.txt	197.32	-2.84	234.46	5.56	57041.50	1072.03	3.082343e+05	4.638706e+01	6.355205e+00	308.97	37.255502	4542	4.509e-02
300kHz_150dA_100Mss_bobN1NE5X0040.txt	197.84	-2.73	238.89	5.66	57041.50	1066.86	3.081664e+05	4.632253e+01	6.356255e+00	312.97	37.800642	4543	4.533e-02
300kHz_150dA_100Mss_bobN1NE5X0041.txt	199.03	-2.19	248.60	5.75	57041.50	1080.48	3.081664e+05	4.683305e+01	6.356617e+00	317.98	37.988286	4543	4.685e-02
300kHz_150dA_100Mss_bobN1NE5X0042.txt	200.01	-1.90	263.84	5.92	57041.50	1092.06	3.081664e+05	4.756758e+01	6.359124e+00	333.97	39.290393	4543	4.859e-02
300kHz_150dA_100Mss_bobN1NE5X0043.txt	200.68	-1.70	279.86	6.11	57041.50	1092.42	3.081664e+05	4.774472e+01	6.361249e+00	344.58	40.394240	4543	5.033e-02
300kHz_150dA_100Mss_bobN1NE5X0044.txt	201.3	-1.54	304.40	6.39	57041.50	1101.71	3.081664e+05	4.835239e+01	6.365506e+00	367.95	42.607006	4543	5.271e-02
300kHz_150dA_100Mss_bobN1NE5X0045.txt	201.83	-1.43	319.76	6.58	57041.50	1117.36	3.081664e+05	4.907696e+01	6.367526e+00	382.61	43.657521	4543	5.413e-02
300kHz_150dA_100Mss_bobN1NE5X0046.txt	202.34	-1.30	344.79	6.88	57041.50	1131.10	3.081664e+05	4.972922e+01	6.370062e+00	399.32	44.976688	4543	5.694e-02
300kHz_150dA_100Mss_bobN1NE5X0047.txt	202.86	-1.14	366.26	7.12	57041.50	1133.23	3.081664e+05	4.998382e+01	6.374495e+00	421.79	47.283888	4543	5.942e-02
300kHz_150dA_100Mss_bobN1NE5X0048.txt	203.38	-1.06	387.48	7.39	57041.50	1140.90	3.081664e+05	5.039274e+01	6.378983e+00	446.08	49.622030	4543	6.109e-02
300kHz_150dA_100Mss_bobN1NE5X0049.txt	203.96	-1.00	403.66	7.65	57041.50	1144.69	3.081664e+05	5.078973e+01	6.380988e+00	458.97	50.666772	4543	6.192e-02
300kHz_150dA_100Mss_bobN1NE5X0050.txt	204.48	-1.00	417.82	7.84	57041.50	1149.38	3.081664e+05	5.098521e+01	6.383070e+00	470.51	51.752812	4543	6.375e-02
300kHz_150dA_100Mss_bobN1NE5X0051.txt	205.0	-1.00	427.53	8.01	57041.50	1148.52	3.081664e+05	5.099831e+01	6.385432e+00	481.73	52.985431	4543	6.464e-02
300kHz_150dA_100Mss_bobN1NE5X0052.txt	205.55	-1.00	432.96	8.13	57041.50	1153.93	3.081664e+05	5.113280e+01	6.388473e+00	497.31	54.572889	4543	6.476e-02
300kHz_150dA_100Mss_bobN1NE5X0053.txt	206.18	-0.96	443.73	8.36	57041.50	1143.98	3.081664e+05	5.095642e+01	6.391484e+00	509.71	56.145817	4543	6.449e-02
300kHz_150dA_100Mss_bobN1NE5X0054.txt	206.69	-0.86	447.28	8.39	57041.50	1154.23	3.081664e+05	5.137550e+01	6.391512e+00	514.04	56.159701	4543	6.490e-02
300kHz_150dA_100Mss_bobN1NE5X0055.txt	207.2	-0.80	452.18	8.55	57041.50	1146.13	3.081664e+05	5.105141e+01	6.393076e+00	518.14	56.977535	4543	6.426e-02
300kHz_150dA_100Mss_bobN1NE5X0056.txt	207.75	-0.80	453.25	8.48	57041.50	1162.11	3.081664e+05	5.173664e+01	6.392591e+00	522.79	56.723608	4543	6.491e-02
300kHz_150dA_100Mss_bobN1NE5X0057.txt	208.76	-0.80	460.46	8.66	57041.50	1166.01	3.081664e+05	5.189440e+01	6.396842e+00	544.67	58.947040	4543	6.428e-02
300kHz_150dA_100Mss_bobN1NE5X0058.txt	209.27	-0.77	462.04	8.67	57041.50	1164.62	3.081664e+05	5.198121e+01	6.394327e+00	533.56	57.630929	4543	6.540e-02
300kHz_150dA_100Mss_bobN1NE5X0059.txt	209.78	-0.72	462.67	8.65	57041.50	1179.95	3.081664e+05	5.253686e+01	6.394875e+00	541.91	57.917627	4543	6.490e-02
300kHz_150dA_100Mss_bobN1NE5X0060.txt	210.3	-0.70	462.75	8.67	57041.50	1184.87	3.081664e+05	5.260074e+01	6.395527e+00	545.72	58.258944	4543	6.435e-02
300kHz_150dA_100Mss_bobN1NE5X0061.txt	210.8	-0.70	460.10	8.69	57041.50	1169.20	3.081664e+05	5.205752e+01	6.394851e+00	536.85	57.905702	4543	6.393e-02
300kHz_150dA_100Mss_bobN1NE5X0062.txt	211.32	-0.67	464.11	8.74	57041.50	1161.31	3.081664e+05	5.189673e+01	6.396567e+00	543.38	58.802585	4543	6.483e-02
300kHz_150dA_100Mss_bobN1NE5X0063.txt	211.87	-0.61	466.62	8.85	57041.50	1164.21	3.081664e+05	5.192040e+01	6.398272e+00	551.77	59.694989	4543	6.439e-02
300kHz_150dA_100Mss_bobN1NE5X0064.txt	212.4	-0.60	467.11	8.76	57041.50	1175.22	3.081664e+05	5.233401e+01	6.398092e+00	555.30	59.600252	4543	6.482e-02
300kHz_150dA_100Mss_bobN1NE5X0065.txt	212.9	-0.60	469.33	8.77	57041.50	1182.57	3.081664e+05	5.260898e+01	6.397279e+00	554.28	59.175054	4543	6.452e-02
300kHz_150dA_100Mss_bobN1NE5X0066.txt	213.4	-0.56	469.28	8.86	57041.50	1176.22	3.082343e+05	5.245135e+01	6.398725e+00	559.72	59.932474	4542	6.405e-02
300kHz_150dA_100Mss_bobN1NE5X0067.txt	213.98	-0.50	468.27	8.90	57041.50	1175.70	3.081664e+05	5.233164e+01	6.400660e+00	567.62	60.945436	4543	6.305e-02
300kHz_150dA_100Mss_bobN1NE5X0068.txt	214.49	-0.50	467.14	8.77	57041.50	1185.20	3.081664e+05	5.270901e+01	6.398210e+00	559.85	59.662253	4543	6.387e-02
300kHz_150dA_100Mss_bobN1NE5X0069.txt	214.99	-0.50	466.72	8.90	57041.50	1178.93	3.081664e+05	5.249777e+01	6.400247e+00	567.44	60.728965	4543	6.264e-02
300kHz_150dA_100Mss_bobN1NE5X0070.txt	215.51	-0.50	468.12	8.85	57041.50	1189.81	3.081664e+05	5.293787e+01	6.399503e+00	568.57	60.339705	4543	6.376e-02
300kHz_150dA_100Mss_bobN1NE5X0071.txt	216.04	-0.50	468.07	8.82	57041.50	1192.23	3.081664e+05	5.302213e+01	6.399677e+00	570.32	60.430394	4543	6.376e-02
300kHz_150dA_100Mss_bobN1NE5X0072.txt	216.58	-0.50	469.95	8.86	57041.50	1180.24	3.081664e+05	5.259950e+01	6.400136e+00	568.00	60.670667	4543	6.387e-02
300kHz_150dA_100Mss_bobN1NE5X0073.txt	217.08	-0.50	468.91	8.82	57041.50	1185.12	3.081664e+05	5.286161e+01	6.398773e+00	564.21	59.956957	4543	6.409e-02
300kHz_150dA_100Mss_bobN1NE5X0074.txt	217.58	-0.50	469.49	8.87	57041.50	1189.65	3.081664e+05	5.288577e+01	6.400728e+00	573.97	60.980990	4543	6.355e-02
300kHz_150dA_100Mss_bobN1NE5X0075.txt	218.11	-0.49	471.61	8.90	57041.50	1191.00	3.081664e+05	5.312042e+01	6.400815e+00	576.94	61.026507	4543	6.306e-02
300kHz_150dA_100Mss_bobN1NE5X0076.txt	219.17	-0.40	469.54	8.81	57041.50	1199.79	3.081664e+05	5.335730e+01	6.399927e+00	575.16	60.561053	4543	6.309e-02
300kHz_150dA_100Mss_bobN1NE5X0077.txt	219.7	-0.40	470.84	8.80	57041.50	1204.35	3.081664e+05	5.356709e+01	6.400236e+00	578.94	60.723002	4543	6.403e-02
300kHz_150dA_100Mss_bobN1NE5X0078.txt	220.23	-0.40	470.01	8.85	57041.50	1203.68	3.081664e+05	5.360422e+01	6.399807e+00	577.23	60.498929	4543	6.348e-02
300kHz_150dA_100Mss_bobN1NE5X0079.txt	220.75	-0.40	469.04	8.82	57041.50	1201.61	3.081664e+05	5.348428e+01	6.398912e+00	571.54	60.030366	4543	6.306e-02
300kHz_150dA_100Mss_bobN1NE5X0080.txt	221.31	-0.40	473.65	8.78	57041.50	1204.74	3.081664e+05	5.357089e+01	6.399685e+00	576.27	60.434216	4543	6.381e-02
300kHz_150dA_100Mss_bobN1NE5X0081.txt	221.83	-0.40	470.24	8.84	57041.50	1207.34	3.081664e+05	5.367458e+01	6.400073e+00	579.30	60.637901	4543	6.282e-02
300kHz_150dA_100Mss_bobN1NE5X0082.txt	222.36	-0.40	471.59	8.86	57041.50	1205.51	3.081664e+05	5.360952e+01	6.400798e+00	582.17	61.017280	4543	6.359e-02
300kHz_150dA_100Mss_bobN1NE5X0083.txt	222.92	-0.40	470.10	8.93	57041.50	1196.05	3.081664e+05	5.327114e+01	6.402425e+00	586.46	61.869995	4543	6.264e-02
300kHz_150dA_100Mss_bobN1NE5X0084.txt	223.46	-0.40	469.00	8.79	57041.50	1203.01	3.081664e+05	5.353312e+01	6.398716e+00	571.09	59.927802	4543	6.296e-02
300kHz_150dA_100Mss_bobN1NE5X0085.txt	224.04	-0.40	470.47	8.77	57041.50	1206.53	3.081664e+05	5.367874e+01	6.399545e+00	576.74	60.360884	4543	6.314e-02
300kHz_150dA_100Mss_bobN1NE5X0086.txt	224.6	-0.40	467.78	8.75	57041.50	1206.03	3.081664e+05	5.360503e+01	6.399662e+00	576.52	60.422697	4543	6.293e-02
300kHz_150dA_100Mss_bobN1NE5X0087.txt	225.09	-0.40	470.12	8.73	57041.50	1213.80	3.081664e+05	5.404001e+01	6.398188e+00	573.88	59.650599	4543	6.413e-02
300kHz_150dA_100Mss_bobN1NE5X0088.txt	225.65	-0.40	467.55	8.77	57041.50	1209.63	3.081664e+05	5.373823e+01	6.400602e+00	582.60	60.914587	4543	6.254e-02
300kHz_150dA_100Mss_bobN1NE5X0089.txt	226.23	-0.38	468.57	8.79	57041.50	1210.35	3.081664e+05	5.383611e+01	6.399518e+00	578.30	60.347400	4543	6.249e-02
300kHz_150dA_100Mss_bobN1NE5X0090.txt	226.77	-0.32	468.17	8.80	57041.50	1210.06	3.081664e+05	5.379927e+01	6.399732e+00	578.96	60.459503	4543	6.250e-02
300kHz_150dA_100Mss_bobN1NE5X0091.txt	227.3	-0.30	470.79	8.77	57041.50	1214.56	3.081664e+05	5.402594e+01	6.398342e+00	574.49	59.731781	4543	6.314e-02
300kHz_150dA_100Mss_bobN1NE5X0092.txt	227.8	-0.30	471.19	8.76	57041.50	1209.97	3.081664e+05	5.380530e+01	6.398744e+00	574.13	59.941404	4543	6.313e-02
300kHz_150dA_100Mss_bobN1NE5X0093.txt	228.34	-0.30	466.53	8.76	57041.50	1212.57	3.081664e+05	5.387914e+01	6.399485e+00	578.60	60.330360	4543	6.298e-02
300kHz_150dA_100Mss_bobN1NE5X0094.txt	228.87	-0.30	465.94	8.79	57041.50	1209.88	3.081664e+05	5.373420e+01	6.400004e+00	579.60	60.602141	4543	6.187e-02
300kHz_150dA_100Mss_bobN1NE5X0095.txt	229.89	-0.30	468.92	8.71	57041.50	1210.76	3.081664e+05	5.385963e+01	6.397997e+00	571.02	59.550795	4543	6.304e-02
300kHz_150dA_100Mss_bobN1NE5X0096.txt	230.4	-0.34	468.09	8.73	57041.50	1202.62	3.081664e+05	5.359193e+01	6.397795e+00	567.19	59.445002	4543	6.303e-02
300kHz_150dA_100Mss_bobN1NE5X0097.txt	230.9	-0.39	465.02	8.83	57041.50	1199.28	3.081664e+05	5.336371e+01	6.401771e+00	584.27	61.527303	4543	6.207e-02
300kHz_150dA_100Mss_bobN1NE5X0098.txt	231.41	-0.40	466.07	8.76	57041.50	1202.96	3.081664e+05	5.346344e+01	6.399403e+00	573.73	60.287056	4543	6.272e-02
300kHz_150dA_100Mss_bobN1NE5X0099.txt	231.92	-0.40	462.12	8.75	57041.50	1208.65	3.081664e+05	5.368687e+01	6.398280e+00	570.58	59.699938	4543	6.171e-02
300kHz_150dA_100Mss_bobN1NE5X0100.txt	232.45	-0.40	463.67	8.73	57041.50	1220.39	3.081664e+05	5.410308e+01	6.398830e+00	577.74	59.987605	4543	6.184e-02
300kHz_150dA_100Mss_bobN1NE5X0101.txt	233.0	-0.40	460.20	8.76	57041.50	1203.77	3.081664e+05	5.347348e+01	6.399842e+00	575.99	60.517214	4543	6.127e-02
300kHz_150dA_100Mss_bobN1NE5X0102.txt	233.5	-0.40	463.65	8.75	57041.50	1195.51	3.081664e+05	5.315158e+01	6.399854e+00	572.58	60.523049	4543	6.181e-02
300kHz_150dA_100Mss_bobN1NE5X0103.txt	234.03	-0.40	460.10	8.72	57041.50	1199.36	3.081664e+05	5.335196e+01	6.399460e+00	572.81	60.316850	4543	6.132e-02
300kHz_150dA_100Mss_bobN1NE5X0104.txt	234.55	-0.34	457.52	8.68	57041.50	1191.52	3.081664e+05	5.300842e+01	6.398463e+00	564.26	59.794586	4543	6.133e-02
300kHz_150dA_100Mss_bobN1NE5X0105.txt	235.07	-0.30	457.71	8.67	57041.50	1189.58	3.081664e+05	5.290575e+01	6.397522e+00	558.59	59.302631	4543	6.137e-02
300kHz_150dA_100Mss_bobN1NE5X0106.txt	235.68	-0.30	456.51	8.67	57041.50	1192.16	3.081664e+05	5.303964e+01	6.398862e+00	566.54	60.003472	4543	6.126e-02
300kHz_150dA_100Mss_bobN1NE5X0107.txt	236.2	-0.28	454.13	8.66	57041.50	1191.22	3.081664e+05	5.291594e+01	6.398441e+00	563.17	59.783637	4543	6.090e-02
300kHz_150dA_100Mss_bobN1NE5X0108.txt	236.7	-0.23	454.33	8.62	57041.50	1188.94	3.081664e+05	5.287671e+01	6.397703e+00	559.17	59.396919	4543	6.137e-02
300kHz_150dA_100Mss_bobN1NE5X0109.txt	237.2	-0.20	452.77	8.54	57041.50	1190.51	3.081664e+05	5.291563e+01	6.396431e+00	553.39	58.730949	4543	6.178e-02
300kHz_150dA_100Mss_bobN1NE5X0110.txt	237.72	-0.20	454.25	8.66	57041.50	1184.01	3.081664e+05	5.259662e+01	6.399033e+00	562.63	60.093570	4543	6.132e-02
300kHz_150dA_100Mss_bobN1NE5X0111.txt	238.24	-0.18	451.53	8.61	57041.50	1179.12	3.081664e+05	5.244531e+01	6.397456e+00	553.42	59.268310	4543	6.092e-02
300kHz_150dA_100Mss_bobN1NE5X0112.txt	238.76	-0.12	447.05	8.54	57041.50	1181.50	3.081664e+05	5.248902e+01	6.396692e+00	550.19	58.868061	4543	6.086e-02
300kHz_150dA_100Mss_bobN1NE5X0113.txt	239.33	-0.03	446.55	8.53	57041.50	1179.06	3.081664e+05	5.240800e+01	6.396431e+00	548.08	58.731799	4543	6.097e-02
300kHz_150dA_100Mss_bobN1NE5X0114.txt	240.37	0.29	446.41	8.54	57041.50	1178.10	3.081664e+05	5.235113e+01	6.397043e+00	550.43	59.051714	4543	6.036e-02
300kHz_150dA_100Mss_bobN1NE5X0115.txt	240.88	0.54	444.84	8.52	57041.50	1169.35	3.081664e+05	5.201401e+01	6.395944e+00	541.63	58.476810	4543	6.042e-02
300kHz_150dA_100Mss_bobN1NE5X0116.txt	241.42	0.60	443.51	8.47	57041.50	1174.89	3.081664e+05	5.222627e+01	6.395990e+00	544.06	58.500443	4543	6.076e-02
300kHz_150dA_100Mss_bobN1NE5X0117.txt	241.93	0.60	440.58	8.48	57041.50	1171.46	3.081664e+05	5.210853e+01	6.395029e+00	538.23	57.998675	4543	6.031e-02
300kHz_150dA_100Mss_bobN1NE5X0118.txt	242.44	1.04	438.91	8.41	57041.50	1184.08	3.081664e+05	5.255380e+01	6.393795e+00	536.86	57.353563	4543	6.039e-02
300kHz_150dA_100Mss_bobN1NE5X0119.txt	242.93	1.53	441.31	8.44	57041.50	1172.15	3.081664e+05	5.205594e+01	6.395364e+00	539.29	58.174198	4543	6.060e-02
300kHz_150dA_100Mss_bobN1NE5X0120.txt	243.43	2.33	439.62	8.45	57041.50	1169.71	3.081664e+05	5.196030e+01	6.394922e+00	536.19	57.942934	4543	6.040e-02
300kHz_150dA_100Mss_bobN1NE5X0121.txt	243.95	3.21	441.59	8.39	57041.50	1174.64	3.081664e+05	5.225860e+01	6.393726e+00	533.52	57.317199	4543	6.118e-02
300kHz_150dA_100Mss_bobN1NE5X0122.txt	244.48	3.64	439.37	8.39	57041.50	1169.89	3.081664e+05	5.197560e+01	6.394353e+00	533.62	57.644690	4543	6.050e-02
300kHz_150dA_100Mss_bobN1NE5X0123.txt	244.99	3.99	439.48	8.36	57041.50	1177.80	3.081664e+05	5.233019e+01	6.394206e+00	536.56	57.568027	4543	6.094e-02
300kHz_150dA_100Mss_bobN1NE5X0124.txt	245.52	4.47	438.27	8.37	57041.50	1175.96	3.081664e+05	5.223664e+01	6.394455e+00	536.80	57.699004	4543	6.066e-02
300kHz_150dA_100Mss_bobN1NE5X0125.txt	246.03	4.93	437.84	8.27	57041.50	1184.26	3.081664e+05	5.258726e+01	6.391712e+00	527.13	56.264795	4543	6.141e-02
300kHz_150dA_100Mss_bobN1NE5X0126.txt	246.55	5.40	441.34	8.25	57041.50	1198.01	3.081664e+05	5.314029e+01	6.392187e+00	535.00	56.512930	4543	6.187e-02
300kHz_150dA_100Mss_bobN1NE5X0127.txt	247.08	5.91	443.30	8.26	57041.50	1196.37	3.081664e+05	5.307944e+01	6.391891e+00	532.94	56.358437	4543	6.212e-02
300kHz_150dA_100Mss_bobN1NE5X0128.txt	247.6	6.64	442.64	8.22	57041.50	1188.66	3.081664e+05	5.286354e+01	6.392190e+00	532.22	56.514055	4543	6.240e-02
300kHz_150dA_100Mss_bobN1NE5X0129.txt	248.11	7.20	442.36	8.20	57041.50	1200.63	3.081664e+05	5.334237e+01	6.391747e+00	534.87	56.283149	4543	6.241e-02
300kHz_150dA_100Mss_bobN1NE5X0130.txt	248.61	7.20	441.13	8.12	57041.50	1205.59	3.081664e+05	5.356509e+01	6.389694e+00	526.99	55.210654	4543	6.300e-02
300kHz_150dA_100Mss_bobN1NE5X0131.txt	249.11	7.53	438.46	8.11	57041.50	1213.31	3.081664e+05	5.384211e+01	6.389015e+00	526.34	54.856010	4543	6.203e-02
300kHz_150dA_100Mss_bobN1NE5X0132.txt	249.64	9.12	441.80	8.17	57041.50	1207.34	3.081664e+05	5.354619e+01	6.390443e+00	530.49	55.602222	4543	6.251e-02
300kHz_150dA_100Mss_bobN1NE5X0133.txt	250.67	11.41	440.71	7.98	57041.50	1223.23	3.081664e+05	5.429325e+01	6.387809e+00	524.73	54.225476	4543	6.333e-02
300kHz_150dA_100Mss_bobN1NE5X0134.txt	251.2	12.38	441.60	8.01	57041.50	1220.42	3.081664e+05	5.413177e+01	6.388008e+00	524.16	54.330233	4543	6.308e-02
300kHz_150dA_100Mss_bobN1NE5X0135.txt	251.71	13.35	438.35	7.91	57041.50	1229.88	3.081664e+05	5.459324e+01	6.386012e+00	518.60	53.287612	4543	6.348e-02
300kHz_150dA_100Mss_bobN1NE5X0136.txt	252.22	14.32	441.02	7.90	57041.50	1232.03	3.081664e+05	5.469976e+01	6.386547e+00	522.31	53.567087	4543	6.397e-02
300kHz_150dA_100Mss_bobN1NE5X0137.txt	252.73	15.29	440.91	7.90	57041.50	1228.18	3.081664e+05	5.442058e+01	6.386751e+00	520.66	53.673469	4543	6.405e-02
300kHz_150dA_100Mss_bobN1NE5X0138.txt	253.25	16.42	439.35	7.91	57041.50	1223.99	3.081664e+05	5.430992e+01	6.386878e+00	520.24	53.739710	4543	6.359e-02
300kHz_150dA_100Mss_bobN1NE5X0139.txt	253.76	17.70	438.82	7.89	57041.50	1228.07	3.081664e+05	5.447998e+01	6.387028e+00	522.62	53.818608	4543	6.364e-02
300kHz_150dA_100Mss_bobN1NE5X0140.txt	254.27	18.68	437.12	7.82	57041.50	1231.13	3.081664e+05	5.459576e+01	6.386301e+00	520.08	53.438767	4543	6.337e-02
300kHz_150dA_100Mss_bobN1NE5X0141.txt	254.77	19.38	433.95	7.81	57041.50	1230.79	3.081664e+05	5.458458e+01	6.384415e+00	510.49	52.455002	4543	6.365e-02
300kHz_150dA_100Mss_bobN1NE5X0142.txt	255.27	20.08	433.25	7.78	57041.50	1230.90	3.081664e+05	5.453598e+01	6.384556e+00	510.75	52.528449	4543	6.322e-02
300kHz_150dA_100Mss_bobN1NE5X0143.txt	255.76	20.76	431.04	7.67	57041.50	1236.25	3.081664e+05	5.479071e+01	6.381711e+00	498.78	51.043835	4543	6.369e-02
300kHz_150dA_100Mss_bobN1NE5X0144.txt	256.27	21.42	429.47	7.72	57041.50	1230.02	3.081664e+05	5.443854e+01	6.383977e+00	506.93	52.226230	4543	6.286e-02
300kHz_150dA_100Mss_bobN1NE5X0145.txt	256.77	22.02	429.80	7.71	57041.50	1228.53	3.081664e+05	5.444274e+01	6.383730e+00	505.73	52.097108	4543	6.303e-02
300kHz_150dA_100Mss_bobN1NE5X0146.txt	257.34	22.50	426.43	7.66	57041.50	1234.00	3.081664e+05	5.464786e+01	6.382373e+00	500.81	51.389302	4543	6.296e-02
300kHz_150dA_100Mss_bobN1NE5X0147.txt	257.92	22.85	430.23	7.71	57041.50	1229.79	3.081664e+05	5.448871e+01	6.382964e+00	502.32	51.697622	4543	6.377e-02
300kHz_150dA_100Mss_bobN1NE5X0148.txt	258.55	23.56	427.12	7.66	57041.50	1235.16	3.081664e+05	5.466613e+01	6.381096e+00	494.55	50.723765	4543	6.301e-02
300kHz_150dA_100Mss_bobN1NE5X0149.txt	259.09	24.20	425.64	7.65	57041.50	1227.84	3.081664e+05	5.439639e+01	6.381681e+00	495.04	51.028749	4543	6.347e-02
300kHz_150dA_100Mss_bobN1NE5X0150.txt	259.63	24.79	422.83	7.54	57041.50	1235.44	3.081664e+05	5.469712e+01	6.380285e+00	490.74	50.300788	4543	6.341e-02
300kHz_150dA_100Mss_bobN1NE5X0151.txt	260.15	25.44	418.77	7.57	57041.50	1226.25	3.081664e+05	5.423176e+01	6.381476e+00	492.52	50.922137	4543	6.264e-02
300kHz_150dA_100Mss_bobN1NE5X0152.txt	261.25	27.05	418.71	7.50	57041.50	1227.94	3.081664e+05	5.440088e+01	6.379230e+00	482.80	49.750936	4543	6.313e-02
300kHz_150dA_100Mss_bobN1NE5X0153.txt	261.75	27.55	418.31	7.47	57041.50	1232.36	3.081664e+05	5.449278e+01	6.379145e+00	483.19	49.706675	4543	6.344e-02
300kHz_150dA_100Mss_bobN1NE5X0154.txt	262.27	27.80	416.04	7.46	57041.50	1234.92	3.081664e+05	5.460876e+01	6.378959e+00	483.28	49.609655	4543	6.328e-02
300kHz_150dA_100Mss_bobN1NE5X0155.txt	262.8	27.80	414.84	7.43	57041.50	1235.24	3.081664e+05	5.459793e+01	6.378928e+00	483.03	49.593275	4543	6.322e-02
300kHz_150dA_100Mss_bobN1NE5X0156.txt	263.36	28.16	412.55	7.43	57041.50	1232.34	3.081664e+05	5.448547e+01	6.379399e+00	484.40	49.839092	4543	6.279e-02
300kHz_150dA_100Mss_bobN1NE5X0157.txt	263.87	28.67	412.20	7.44	57041.50	1223.39	3.081664e+05	5.416248e+01	6.378462e+00	476.85	49.350562	4543	6.266e-02
300kHz_150dA_100Mss_bobN1NE5X0158.txt	264.38	29.18	412.74	7.41	57041.50	1229.59	3.081664e+05	5.444191e+01	6.378727e+00	480.64	49.488091	4543	6.302e-02
300kHz_150dA_100Mss_bobN1NE5X0159.txt	264.9	29.70	408.04	7.37	57041.50	1223.22	3.081664e+05	5.410283e+01	6.378055e+00	474.29	49.138235	4543	6.249e-02
300kHz_150dA_100Mss_bobN1NE5X0160.txt	265.41	30.17	408.26	7.28	57041.50	1240.30	3.081664e+05	5.470539e+01	6.375966e+00	469.05	48.049884	4543	6.339e-02
300kHz_150dA_100Mss_bobN1NE5X0161.txt	265.91	30.62	405.53	7.27	57041.50	1229.12	3.081664e+05	5.422489e+01	6.375807e+00	464.13	47.966905	4543	6.308e-02
300kHz_150dA_100Mss_bobN1NE5X0162.txt	266.42	31.04	406.55	7.30	57041.50	1224.12	3.081664e+05	5.411626e+01	6.375433e+00	461.34	47.772224	4543	6.293e-02
